361.587234   4.028042
364.417716   4.334403
367.248254   4.558225
370.078848   4.283842
372.909498   3.797518
375.740205   3.804228
378.570968   4.180322
381.401787   3.526392
384.232662   3.052720
387.063594   3.385179
389.894582   3.694088
392.725626   3.240494
395.556726   3.253578
398.387882   4.052468
401.219095   4.957786
404.050364   4.877956
406.881689   4.711155
409.713071   4.734455
412.544509   4.846543
415.376003   4.795637
418.207553   4.613001
421.039159   4.553573
423.870822   4.383424
426.702541   4.210614
429.534316   3.732166
432.366147   3.903678
435.198035   4.170283
438.029979   4.112880
440.861979   4.166902
443.694035   4.305451
446.526148   4.242335
449.358317   4.375092
452.190542   4.303491
455.022823   4.179393
457.855161   4.164106
460.687555   4.095713
463.520005   4.039008
466.352511   3.873495
469.185073   3.782039
472.017692   3.740618
474.850367   3.702572
477.683099   3.650193
480.515886   3.627180
483.348730   3.502742
486.181630   3.144155
489.014586   3.188607
491.847598   3.176782
494.680667   3.150018
497.513792   3.069654
500.346973   2.909656
503.180210   2.816731
506.013504   2.809160
508.846854   2.723979
511.680260   2.642503
514.513722   2.495327
517.347241   2.296089
520.180816   2.330775
523.014447   2.357905
525.848134   2.288311
528.681878   2.256366
531.515678   2.255619
534.349534   2.186230
537.183446   2.147478
540.017414   2.049984
542.851439   2.008749
545.685520   1.983836
548.519657   1.927447
551.353851   1.884564
554.188101   1.844443
557.022407   1.774325
559.856769   1.706841
562.691187   1.683720
565.525662   1.635060
568.360193   1.585806
571.194780   1.529571
574.029423   1.511827
576.864123   1.458646
579.698879   1.425131
582.533691   1.419868
585.368559   1.375225
588.203484   1.294119
591.038465   1.245826
593.873502   1.239827
596.708595   1.209607
599.543745   1.169033
602.378951   1.138608
605.214213   1.126447
608.049531   1.096498
610.884905   1.054471
613.720336   0.998338
616.555823   0.905582
619.391367   0.928215
622.226966   0.928009
625.062622   0.930888
627.898334   0.904006
630.734102   0.883447
633.569926   0.880566
636.405807   0.876785
639.241744   0.865101
642.077737   0.846584
644.913786   0.829866
647.749892   0.806232
650.586054   0.790298
653.422272   0.776491
656.258546   0.712589
659.094877   0.739956
661.931264   0.749941
664.767707   0.738362
667.604206   0.727006
670.440762   0.710925
673.277374   0.699186
676.114042   0.686466
678.950766   0.676190
681.787546   0.663254
684.624383   0.637148
687.461276   0.542766
690.298225   0.544524
693.135231   0.572540
695.972293   0.577316
698.809411   0.568851
701.646585   0.551021
704.483815   0.549730
707.321102   0.543688
710.158445   0.533451
712.995844   0.525169
715.833299   0.493757
718.670811   0.444334
721.508379   0.449381
724.346003   0.442152
727.183683   0.430330
730.021420   0.425585
732.859213   0.439753
735.697062   0.440551
738.534967   0.435356
741.372929   0.429262
744.210947   0.428897
747.049021   0.423858
749.887151   0.414444
752.725338   0.408025
755.563580   0.400920
758.401879   0.333943
761.240235   0.317536
764.078646   0.313581
766.917114   0.308587
769.755638   0.351725
772.594218   0.357643
775.432854   0.352940
778.271547   0.350391
781.110296   0.342915
783.949101   0.335822
786.787962   0.329363
789.626880   0.321212
792.465854   0.309391
795.304884   0.303491
798.143970   0.302567
800.983113   0.293976
803.822312   0.288768
806.661567   0.285402
809.500878   0.275162
812.340246   0.254051
815.179670   0.240826
818.019150   0.232946
820.858686   0.235311
823.698279   0.231198
826.537927   0.237405
829.377632   0.229220
832.217393   0.227599
835.057211   0.230539
837.897085   0.232643
840.737015   0.231572
843.577001   0.228689
846.417043   0.226114
849.257142   0.217293
852.097297   0.209208
854.937508   0.199925
857.777775   0.210632
860.618099   0.208730
863.458479   0.205190
866.298915   0.189241
869.139407   0.195678
871.979956   0.196251
874.820561   0.194568
877.661222   0.191790
880.501939   0.186914
883.342713   0.187265
886.183543   0.180247
889.024429   0.181028
891.865371   0.175258
894.706370   0.159751
897.547424   0.146513
900.388535   0.136121
903.229703   0.144477
906.070926   0.143599
908.912206   0.132444
911.753542   0.132016
914.594934   0.127664
917.436382   0.126711
920.277887   0.132314
923.119448   0.128332
925.961065   0.126278
928.802738   0.109952
931.644468   0.102029
934.486254   0.100147
937.328096   0.097693
940.169994   0.096075
943.011949   0.093710
945.853960   0.092943
948.696027   0.091697
951.538150   0.090808
954.380330   0.087162
957.222566   0.086084
960.064858   0.085834
962.907206   0.088110
965.749611   0.089805
968.592071   0.102923
971.434588   0.104628
974.277162   0.098347
977.119791   0.097125
979.962477   0.101252
982.805219   0.104795
985.648017   0.104767
988.490871   0.108138
991.333782   0.109238
994.176749   0.105983
997.019772   0.103116
999.862851   0.102372
1002.705987   0.066587
1005.549179   0.063445
1008.392427   0.064659
1011.235731   0.063035
1014.079092   0.062352
1016.922509   0.060379
1019.765982   0.059746
1022.609511   0.058351
1025.453097   0.058299
1028.296739   0.056544
1031.140437   0.056077
1033.984191   0.054143
1036.828002   0.053914
1039.671868   0.053617
1042.515791   0.052095
1045.359770   0.051446
