361.587234   0.001642
364.417716   0.001660
367.248254   0.001678
370.078848   0.001696
372.909498   0.001714
375.740205   0.001731
378.570968   0.001749
381.401787   0.001767
384.232662   0.001785
387.063594   0.001803
389.894582   0.001820
392.725626   0.001838
395.556726   0.001856
398.387882   0.001874
401.219095   0.000006
404.050364   0.000002
406.881689   0.000001
409.713071   0.000002
412.544509   0.000001
415.376003   0.000000
418.207553   0.000000
421.039159   0.000000
423.870822   0.000000
426.702541   0.000000
429.534316   0.000000
432.366147   0.000001
435.198035   0.000000
438.029979   0.000000
440.861979   0.000001
443.694035   0.000001
446.526148   0.000001
449.358317   0.000002
452.190542   0.000003
455.022823   0.000005
457.855161   0.000006
460.687555   0.000035
463.520005   0.000029
466.352511   0.000080
469.185073   0.000211
472.017692   0.000336
474.850367   0.000599
477.683099   0.000602
480.515886   0.000563
483.348730   0.000661
486.181630   0.000895
489.014586   0.001486
491.847598   0.001642
494.680667   0.001907
497.513792   0.001994
500.346973   0.001795
503.180210   0.001419
506.013504   0.001270
508.846854   0.001317
511.680260   0.001321
514.513722   0.001549
517.347241   0.001604
520.180816   0.001944
523.014447   0.001992
525.848134   0.001914
528.681878   0.001821
531.515678   0.001819
534.349534   0.001710
537.183446   0.001901
540.017414   0.002167
542.851439   0.002132
545.685520   0.002160
548.519657   0.002250
551.353851   0.002266
554.188101   0.002245
557.022407   0.002223
559.856769   0.002068
562.691187   0.001949
565.525662   0.001764
568.360193   0.001507
571.194780   0.001355
574.029423   0.001215
576.864123   0.001117
579.698879   0.000999
582.533691   0.000797
585.368559   0.000575
588.203484   0.000158
591.038465   0.000014
593.873502   0.000002
596.708595   0.000000
599.543745   0.000000
602.378951   0.000000
605.214213   0.000000
608.049531   0.000000
610.884905   0.000000
613.720336   0.000000
616.555823   0.000000
619.391367   0.000000
622.226966   0.000000
625.062622   0.000000
627.898334   0.000000
630.734102   0.000000
633.569926   0.000000
636.405807   0.000000
639.241744   0.000000
642.077737   0.000000
644.913786   0.000000
647.749892   0.000000
650.586054   0.000000
653.422272   0.000000
656.258546   0.000000
659.094877   0.000000
661.931264   0.000000
664.767707   0.000002
667.604206   0.000000
670.440762   0.000001
673.277374   0.000001
676.114042   0.000002
678.950766   0.000001
681.787546   0.000001
684.624383   0.000000
687.461276   0.000000
690.298225   0.000000
693.135231   0.000000
695.972293   0.000000
698.809411   0.000000
701.646585   0.000000
704.483815   0.000000
707.321102   0.000000
710.158445   0.000000
712.995844   0.000000
715.833299   0.000000
718.670811   0.000000
721.508379   0.000000
724.346003   0.000000
727.183683   0.000000
730.021420   0.005423
732.859213   0.000003
735.697062   0.000000
738.534967   0.000000
741.372929   0.000000
744.210947   0.000000
747.049021   0.000000
749.887151   0.000000
752.725338   0.000000
755.563580   0.000000
758.401879   0.000000
761.240235   0.000000
764.078646   0.000000
766.917114   0.000000
769.755638   0.000000
772.594218   0.000000
775.432854   0.000000
778.271547   0.000000
781.110296   0.000000
783.949101   0.000000
786.787962   0.000000
789.626880   0.000000
792.465854   0.000000
795.304884   0.000000
798.143970   0.000000
800.983113   0.000000
803.822312   0.000000
806.661567   0.000000
809.500878   0.000000
812.340246   0.035649
815.179670   0.007810
818.019150   0.003875
820.858686   0.000000
823.698279   0.000000
826.537927   0.000000
829.377632   0.000000
832.217393   0.000000
835.057211   0.000000
837.897085   0.000000
840.737015   0.000000
843.577001   0.000000
846.417043   0.000000
849.257142   0.000000
852.097297   0.000000
854.937508   0.000000
857.777775   0.000000
860.618099   0.000000
863.458479   0.000000
866.298915   0.000000
869.139407   0.000000
871.979956   0.000000
874.820561   0.000009
877.661222   0.000000
880.501939   0.000000
883.342713   0.000080
886.183543   0.000000
889.024429   0.000001
891.865371   0.000000
894.706370   0.000000
897.547424   0.000000
900.388535   0.000000
903.229703   0.000000
906.070926   0.000000
908.912206   0.000000
911.753542   0.000000
914.594934   0.000000
917.436382   0.000000
920.277887   0.000000
923.119448   0.000000
925.961065   0.000000
928.802738   0.000000
931.644468   0.000000
934.486254   0.000000
937.328096   0.000000
940.169994   0.000000
943.011949   0.000000
945.853960   0.000000
948.696027   0.000000
951.538150   0.000000
954.380330   0.000000
957.222566   0.000000
960.064858   0.000000
962.907206   0.000000
965.749611   0.000000
968.592071   0.000186
971.434588   0.000249
974.277162   0.000362
977.119791   0.000000
979.962477   0.000434
982.805219   0.000247
985.648017   0.000001
988.490871   0.000802
991.333782   0.000871
994.176749   0.000054
997.019772   0.000002
999.862851   0.000003
1002.705987   0.003104
1005.549179   0.003108
1008.392427   0.003111
1011.235731   0.003118
1014.079092   0.003120
1016.922509   0.003122
1019.765982   0.003130
1022.609511   0.003131
1025.453097   0.003134
1028.296739   0.003141
1031.140437   0.003142
1033.984191   0.003144
1036.828002   0.003150
1039.671868   0.003152
1042.515791   0.003154
1045.359770   0.003161
