361.587234   0.026116
364.417716   0.026107
367.248254   0.026173
370.078848   0.021006
372.909498   0.021149
375.740205   0.021284
378.570968   0.021712
381.401787   0.021999
384.232662   0.022394
387.063594   0.022385
389.894582   0.022505
392.725626   0.022390
395.556726   0.022251
398.387882   0.022404
401.219095   0.023651
404.050364   0.023026
406.881689   0.023398
409.713071   0.023464
412.544509   0.023718
415.376003   0.023698
418.207553   0.022689
421.039159   0.022620
423.870822   0.022464
426.702541   0.021868
429.534316   0.021663
432.366147   0.021630
435.198035   0.021807
438.029979   0.021121
440.861979   0.021077
443.694035   0.021018
446.526148   0.021210
449.358317   0.021180
452.190542   0.020827
455.022823   0.021110
457.855161   0.020870
460.687555   0.020841
463.520005   0.021109
466.352511   0.021374
469.185073   0.021323
472.017692   0.021437
474.850367   0.021170
477.683099   0.020891
480.515886   0.020598
483.348730   0.020258
486.181630   0.020833
489.014586   0.020473
491.847598   0.020356
494.680667   0.020157
497.513792   0.019442
500.346973   0.019371
503.180210   0.018546
506.013504   0.017719
508.846854   0.017178
511.680260   0.016564
514.513722   0.015889
517.347241   0.016215
520.180816   0.015949
523.014447   0.015709
525.848134   0.014962
528.681878   0.014695
531.515678   0.014038
534.349534   0.013691
537.183446   0.013296
540.017414   0.012969
542.851439   0.012497
545.685520   0.012012
548.519657   0.011732
551.353851   0.010863
554.188101   0.010697
557.022407   0.010704
559.856769   0.010534
562.691187   0.010071
565.525662   0.009668
568.360193   0.008918
571.194780   0.008031
574.029423   0.007550
576.864123   0.007405
579.698879   0.007489
582.533691   0.007788
585.368559   0.007835
588.203484   0.007226
591.038465   0.006290
593.873502   0.006207
596.708595   0.006108
599.543745   0.005973
602.378951   0.005869
605.214213   0.005519
608.049531   0.005208
610.884905   0.004650
613.720336   0.003539
616.555823   0.000931
619.391367   0.002123
622.226966   0.002924
625.062622   0.004259
627.898334   0.003445
630.734102   0.003600
633.569926   0.004498
636.405807   0.004829
639.241744   0.004940
642.077737   0.005106
644.913786   0.004844
647.749892   0.004444
650.586054   0.004393
653.422272   0.004623
656.258546   0.004649
659.094877   0.004820
661.931264   0.005097
664.767707   0.005918
667.604206   0.004971
670.440762   0.004574
673.277374   0.004347
676.114042   0.004281
678.950766   0.004454
681.787546   0.004431
684.624383   0.003791
687.461276   0.000158
690.298225   0.000733
693.135231   0.002270
695.972293   0.002847
698.809411   0.002836
701.646585   0.002724
704.483815   0.002879
707.321102   0.002973
710.158445   0.003118
712.995844   0.003225
715.833299   0.002295
718.670811   0.000655
721.508379   0.001342
724.346003   0.001244
727.183683   0.001146
730.021420   0.011413
732.859213   0.005046
735.697062   0.003559
738.534967   0.003373
741.372929   0.003178
744.210947   0.003405
747.049021   0.003267
749.887151   0.003161
752.725338   0.003222
755.563580   0.003181
758.401879   0.000427
761.240235   0.000000
764.078646   0.000000
766.917114   0.000397
769.755638   0.002583
772.594218   0.003736
775.432854   0.003927
778.271547   0.003844
781.110296   0.003623
783.949101   0.003449
786.787962   0.003070
789.626880   0.003000
792.465854   0.002904
795.304884   0.002791
798.143970   0.002884
800.983113   0.002680
803.822312   0.002708
806.661567   0.002695
809.500878   0.002473
812.340246   0.050798
815.179670   0.013141
818.019150   0.008012
820.858686   0.002529
823.698279   0.001494
826.537927   0.001793
829.377632   0.001556
832.217393   0.001774
835.057211   0.002115
837.897085   0.002421
840.737015   0.002540
843.577001   0.002713
846.417043   0.002781
849.257142   0.002848
852.097297   0.002756
854.937508   0.002876
857.777775   0.002780
860.618099   0.002779
863.458479   0.002694
866.298915   0.002472
869.139407   0.002442
871.979956   0.002580
874.820561   0.003430
877.661222   0.003388
880.501939   0.003362
883.342713   0.004004
886.183543   0.002898
889.024429   0.003294
891.865371   0.002785
894.706370   0.002216
897.547424   0.001218
900.388535   0.000900
903.229703   0.001562
906.070926   0.001534
908.912206   0.001117
911.753542   0.001128
914.594934   0.000835
917.436382   0.000956
920.277887   0.001544
923.119448   0.001620
925.961065   0.001555
928.802738   0.000391
931.644468   0.000000
934.486254   0.000000
937.328096   0.000000
940.169994   0.000000
943.011949   0.000000
945.853960   0.000000
948.696027   0.000000
951.538150   0.000000
954.380330   0.000000
957.222566   0.000004
960.064858   0.000010
962.907206   0.000355
965.749611   0.000675
968.592071   0.002016
971.434588   0.002438
974.277162   0.002085
977.119791   0.001708
979.962477   0.002875
982.805219   0.002892
985.648017   0.003114
988.490871   0.003976
991.333782   0.004765
994.176749   0.002781
997.019772   0.003301
999.862851   0.003292
1002.705987   0.000002
1005.549179   0.000002
1008.392427   0.000002
1011.235731   0.000002
1014.079092   0.000002
1016.922509   0.000002
1019.765982   0.000002
1022.609511   0.000002
1025.453097   0.000002
1028.296739   0.000002
1031.140437   0.000002
1033.984191   0.000002
1036.828002   0.000002
1039.671868   0.000002
1042.515791   0.000002
1045.359770   0.000002
