  0.000425
  0.000422
  0.000414
  0.000410
  0.000404
  0.000400
  0.000394
  0.000390
  0.000387
  0.000382
  0.000375
  0.000371
  0.000365
  0.000360
  0.000354
  0.000348
  0.000342
  0.000335
  0.000328
  0.000320
  0.000314
  0.000306
  0.000299
  0.000292
  0.000285
  0.000278
  0.000272
  0.000265
  0.000260
  0.000254
  0.000248
  0.000242
  0.000236
  0.000232
  0.000227
  0.000222
  0.000219
  0.000214
  0.000210
  0.000207
  0.000202
  0.000197
  0.000193
  0.000190
  0.000186
  0.000182
  0.000179
  0.000175
  0.000171
  0.000168
  0.000162
  0.000159
  0.000155
  0.000152
  0.000149
  0.000146
  0.000143
  0.000140
  0.000137
  0.000134
  0.000131
  0.000129
  0.000124
  0.000124
  0.000119
  0.000120
  0.000118
  0.000116
  0.000114
  0.000109
  0.000110
  0.000105
  0.000103
  0.000101
  0.000100
  0.000095
  0.000097
  0.000095
  0.000091
  0.000090
  0.000092
  0.000091
  0.000087
  0.000087
  0.000085
  0.000084
  0.000082
  0.000081
  0.000080
  0.000079
  0.000078
  0.000079
  0.000078
  0.000075
  0.000076
  0.000071
  0.000072
  0.000074
  0.000070
  0.000072
  0.000068
  0.000067
  0.000067
  0.000068
  0.000065
  0.000064
  0.000064
  0.000063
  0.000061
  0.000062
  0.000061
  0.000062
  0.000060
  0.000059
  0.000059
  0.000053
  0.000055
  0.000057
  0.000057
  0.000056
  0.000055
  0.000055
  0.000055
  0.000054
  0.000054
  0.000054
  0.000053
  0.000053
  0.000053
  0.000052
  0.000061
  0.000054
  0.000053
  0.000053
  0.000051
  0.000052
  0.000051
  0.000051
  0.000051
  0.000051
  0.000048
  0.000047
  0.000048
  0.000051
  0.000051
  0.000051
  0.000052
  0.000051
  0.000051
  0.000050
  0.000053
  0.000050
  0.000051
  0.000054
  0.000051
  0.000054
  0.000054
  0.000054
  0.000054
  0.000114
  0.000069
  0.000062
  0.000054
  0.000053
  0.000054
  0.000054
  0.000058
  0.000058
  0.000054
  0.000058
  0.000057
  0.000058
  0.000057
  0.000057
  0.000058
  0.000058
  0.000061
  0.000061
  0.000062
  0.000061
  0.000062
  0.000054
  0.000057
  0.000058
  0.000055
  0.000062
  0.000060
  0.000062
  0.000063
  0.000065
  0.000066
  0.000066
  0.000067
  0.000067
  0.000067
  0.000067
  0.000067
  0.000068
  0.000068
  0.000068
  0.000073
  0.000073
  0.000068
  0.000068
  0.000073
  0.000073
  0.000068
  0.000068
  0.000073
  0.000068
  0.000068
  0.000072
  0.000068
  0.000067
  0.000067
  0.000064
  0.000068
  0.000070
  0.000064
  0.000068
  0.000066
  0.000065
  0.000065
  0.000072
  0.000069
  0.000068
  0.000079
  0.000172
  0.000273
  0.000274
  0.000300
  0.000142
  0.000171
  0.000402
  0.000227
  0.000365
  0.000227
  0.000220
  0.000159
  0.000158
  0.000142
  0.000164
  1.000000
  0.000184
  0.003212
  0.119947
