  0.000844
  0.000830
  0.000797
  0.000612
  0.000588
  0.000581
  0.000556
  0.000538
  0.000532
  0.000511
  0.000500
  0.000478
  0.000466
  0.000453
  0.000439
  0.000422
  0.000414
  0.000394
  0.000382
  0.000374
  0.000359
  0.000352
  0.000342
  0.000331
  0.000325
  0.000317
  0.000311
  0.000303
  0.000297
  0.000291
  0.000285
  0.000279
  0.000273
  0.000269
  0.000264
  0.000259
  0.000255
  0.000251
  0.000247
  0.000244
  0.000239
  0.000235
  0.000231
  0.000229
  0.000226
  0.000222
  0.000218
  0.000215
  0.000211
  0.000212
  0.000204
  0.000205
  0.000202
  0.000199
  0.000197
  0.000195
  0.000193
  0.000191
  0.000188
  0.000186
  0.000184
  0.000181
  0.000173
  0.000178
  0.000169
  0.000176
  0.000175
  0.000175
  0.000174
  0.000163
  0.000171
  0.000160
  0.000159
  0.000159
  0.000159
  0.000148
  0.000157
  0.000157
  0.000145
  0.000144
  0.000155
  0.000156
  0.000145
  0.000149
  0.000144
  0.000144
  0.000142
  0.000141
  0.000140
  0.000141
  0.000149
  0.000148
  0.000146
  0.000137
  0.000141
  0.000125
  0.000123
  0.000132
  0.000119
  0.000128
  0.000116
  0.000115
  0.000113
  0.000122
  0.000110
  0.000108
  0.000107
  0.000101
  0.000096
  0.000103
  0.000101
  0.000110
  0.000098
  0.000097
  0.000092
  0.000104
  0.000105
  0.000101
  0.000098
  0.000092
  0.000091
  0.000090
  0.000089
  0.000087
  0.000086
  0.000086
  0.000079
  0.000086
  0.000085
  0.000085
  0.000081
  0.000075
  0.000074
  0.000099
  0.000080
  0.000081
  0.000075
  0.000072
  0.000072
  0.000071
  0.000073
  0.000076
  0.000085
  0.000102
  0.000065
  0.000114
  0.000119
  0.000086
  0.000069
  0.000070
  0.000061
  0.000060
  0.000063
  0.000064
  0.000064
  0.000064
  0.000064
  0.000064
  0.000064
  0.000205
  0.000097
  0.000079
  0.000064
  0.000061
  0.000062
  0.000062
  0.000066
  0.000067
  0.000063
  0.000067
  0.000062
  0.000064
  0.000063
  0.000063
  0.000064
  0.000065
  0.000070
  0.000066
  0.000071
  0.000069
  0.000065
  0.000115
  0.000089
  0.000086
  0.000173
  0.000069
  0.000086
  0.000073
  0.000069
  0.000070
  0.000071
  0.000073
  0.000080
  0.000078
  0.000079
  0.000078
  0.000078
  0.000080
  0.000080
  0.000082
  0.000089
  0.000088
  0.000078
  0.000078
  0.000088
  0.000088
  0.000079
  0.000078
  0.000087
  0.000078
  0.000078
  0.000086
  0.000078
  0.000067
  0.000084
  0.000093
  0.000103
  0.000071
  0.000131
  0.000105
  0.000124
  0.000224
  0.000320
  0.000097
  0.000114
  0.000104
  0.000083
  0.000077
  0.000124
  0.000138
  0.000142
  0.000072
  0.000077
  0.000226
  0.000095
  0.000202
  0.000097
  0.000111
  0.000076
  0.000078
  0.000074
  0.000076
  1.000000
  0.000336
  0.006872
  0.193519
