361.587234   3.778707
364.417716   4.056770
367.248254   4.255228
370.078848   4.047552
372.909498   3.579282
375.740205   3.576548
378.570968   3.916373
381.401787   3.293185
384.232662   2.840323
387.063594   3.141889
389.894582   3.418535
392.725626   2.992174
395.556726   2.997763
398.387882   3.721536
401.219095   4.487388
404.050364   4.411697
406.881689   4.241048
409.713071   4.247022
412.544509   4.327965
415.376003   4.268018
418.207553   4.111043
421.039159   4.045472
423.870822   3.883942
426.702541   3.729050
429.534316   3.297514
432.366147   3.437364
435.198035   3.655179
438.029979   3.605844
440.861979   3.640810
443.694035   3.749259
446.526148   3.675650
449.358317   3.776625
452.190542   3.708872
455.022823   3.580600
457.855161   3.559670
460.687555   3.487912
463.520005   3.418678
466.352511   3.258623
469.185073   3.169505
472.017692   3.118285
474.850367   3.078925
477.683099   3.028665
480.515886   3.003735
483.348730   2.895624
486.181630   2.574524
489.014586   2.607133
491.847598   2.588444
494.680667   2.559517
497.513792   2.499608
500.346973   2.359641
503.180210   2.292617
506.013504   2.295473
508.846854   2.228529
511.680260   2.167035
514.513722   2.053165
517.347241   1.874324
520.180816   1.900024
523.014447   1.919419
525.848134   1.871637
528.681878   1.843648
531.515678   1.850504
534.349534   1.794586
537.183446   1.765128
540.017414   1.685283
542.851439   1.656316
545.685520   1.640586
548.519657   1.594200
551.353851   1.573608
554.188101   1.538499
557.022407   1.474511
559.856769   1.417049
562.691187   1.403740
565.525662   1.367283
568.360193   1.338962
571.194780   1.307965
574.029423   1.300398
576.864123   1.254084
579.698879   1.219781
582.533691   1.205097
585.368559   1.162375
588.203484   1.103706
591.038465   1.080401
593.873502   1.074305
596.708595   1.050035
599.543745   1.013075
602.378951   0.987032
605.214213   0.981445
608.049531   0.959722
610.884905   0.933261
613.720336   0.907163
616.555823   0.882020
619.391367   0.877918
622.226966   0.856914
625.062622   0.827275
627.898334   0.817307
630.734102   0.792817
633.569926   0.768522
636.405807   0.756096
639.241744   0.741996
642.077737   0.720499
644.913786   0.709985
647.749892   0.696496
650.586054   0.682198
653.422272   0.663498
656.258546   0.606862
659.094877   0.625103
661.931264   0.626915
664.767707   0.599559
667.604206   0.607168
670.440762   0.599173
673.277374   0.592444
676.114042   0.581178
678.950766   0.567835
681.787546   0.556071
684.624383   0.547695
687.461276   0.538978
690.298225   0.527149
693.135231   0.518909
695.972293   0.509882
698.809411   0.500554
701.646585   0.486028
704.483815   0.480731
707.321102   0.472625
710.158445   0.459507
712.995844   0.449307
715.833299   0.440098
718.670811   0.429207
721.508379   0.418511
724.346003   0.413479
727.183683   0.404142
730.021420   0.305703
732.859213   0.339933
735.697062   0.364611
738.534967   0.368667
741.372929   0.359887
744.210947   0.357390
747.049021   0.353499
749.887151   0.345490
752.725338   0.338514
755.563580   0.332238
758.401879   0.324734
761.240235   0.317560
764.078646   0.313602
766.917114   0.302655
769.755638   0.298068
772.594218   0.291052
775.432854   0.286837
778.271547   0.279781
781.110296   0.274091
783.949101   0.269191
786.787962   0.267399
789.626880   0.261581
792.465854   0.251614
795.304884   0.247702
798.143970   0.244581
800.983113   0.240469
803.822312   0.234959
806.661567   0.231990
809.500878   0.226415
812.340246   0.170364
815.179670   0.167910
818.019150   0.163492
820.858686   0.190938
823.698279   0.202940
826.537927   0.203078
829.377632   0.199543
832.217393   0.194271
835.057211   0.191054
837.897085   0.187388
840.737015   0.184395
843.577001   0.179937
846.417043   0.177267
849.257142   0.167787
852.097297   0.162350
854.937508   0.153042
857.777775   0.161984
860.618099   0.160315
863.458479   0.158806
866.298915   0.148194
869.139407   0.153486
871.979956   0.153861
874.820561   0.147295
877.661222   0.144512
880.501939   0.140252
883.342713   0.138928
886.183543   0.137045
889.024429   0.134998
891.865371   0.132387
894.706370   0.129469
897.547424   0.127161
900.388535   0.122148
903.229703   0.120111
906.070926   0.118978
908.912206   0.114936
911.753542   0.114148
914.594934   0.114437
917.436382   0.111749
920.277887   0.108371
923.119448   0.103913
925.961065   0.102659
928.802738   0.103957
931.644468   0.102062
934.486254   0.100186
937.328096   0.097733
940.169994   0.096108
943.011949   0.093744
945.853960   0.092985
948.696027   0.091738
951.538150   0.090846
954.380330   0.087199
957.222566   0.086073
960.064858   0.085728
962.907206   0.083119
965.749611   0.081255
968.592071   0.081164
971.434588   0.079548
974.277162   0.078794
977.119791   0.076599
979.962477   0.074598
982.805219   0.074427
985.648017   0.072717
988.490871   0.072033
991.333782   0.070406
994.176749   0.069790
997.019772   0.068179
999.862851   0.066548
1002.705987   0.096865
1005.549179   0.083598
1008.392427   0.077003
1011.235731   0.074819
1014.079092   0.073000
1016.922509   0.081114
1019.765982   0.077874
1022.609511   0.065555
1025.453097   0.073683
1028.296739   0.064914
1031.140437   0.070004
1033.984191   0.068126
1036.828002   0.073571
1039.671868   0.073945
1042.515791   0.072845
1045.359770   0.070646
