361.587234   0.001329
364.417716   0.001344
367.248254   0.001358
370.078848   0.001373
372.909498   0.001387
375.740205   0.001401
378.570968   0.001416
381.401787   0.001430
384.232662   0.001445
387.063594   0.001459
389.894582   0.001474
392.725626   0.001488
395.556726   0.001502
398.387882   0.001517
401.219095   0.000023
404.050364   0.000015
406.881689   0.000029
409.713071   0.000043
412.544509   0.000047
415.376003   0.000033
418.207553   0.000051
421.039159   0.000024
423.870822   0.000022
426.702541   0.000017
429.534316   0.000010
432.366147   0.000012
435.198035   0.000005
438.029979   0.000003
440.861979   0.000005
443.694035   0.000003
446.526148   0.000004
449.358317   0.000003
452.190542   0.000001
455.022823   0.000002
457.855161   0.000002
460.687555   0.000004
463.520005   0.000005
466.352511   0.000006
469.185073   0.000008
472.017692   0.000009
474.850367   0.000010
477.683099   0.000004
480.515886   0.000002
483.348730   0.000001
486.181630   0.000002
489.014586   0.000003
491.847598   0.000002
494.680667   0.000001
497.513792   0.000001
500.346973   0.000000
503.180210   0.000000
506.013504   0.000000
508.846854   0.000000
511.680260   0.000000
514.513722   0.000000
517.347241   0.000000
520.180816   0.000000
523.014447   0.000000
525.848134   0.000000
528.681878   0.000000
531.515678   0.000000
534.349534   0.000000
537.183446   0.000000
540.017414   0.000000
542.851439   0.000000
545.685520   0.000000
548.519657   0.000000
551.353851   0.000000
554.188101   0.000000
557.022407   0.000000
559.856769   0.000000
562.691187   0.000000
565.525662   0.000000
568.360193   0.000000
571.194780   0.000000
574.029423   0.000000
576.864123   0.000000
579.698879   0.000000
582.533691   0.000000
585.368559   0.000000
588.203484   0.000000
591.038465   0.000000
593.873502   0.000000
596.708595   0.000000
599.543745   0.000000
602.378951   0.000000
605.214213   0.000000
608.049531   0.000000
610.884905   0.000000
613.720336   0.000000
616.555823   0.000000
619.391367   0.000000
622.226966   0.000000
625.062622   0.000000
627.898334   0.000000
630.734102   0.000000
633.569926   0.000000
636.405807   0.000000
639.241744   0.000000
642.077737   0.000000
644.913786   0.000000
647.749892   0.000000
650.586054   0.000000
653.422272   0.000000
656.258546   0.000000
659.094877   0.000000
661.931264   0.000000
664.767707   0.000000
667.604206   0.000000
670.440762   0.000000
673.277374   0.000000
676.114042   0.000000
678.950766   0.000000
681.787546   0.000000
684.624383   0.000000
687.461276   0.000000
690.298225   0.000000
693.135231   0.000000
695.972293   0.000000
698.809411   0.000000
701.646585   0.000000
704.483815   0.000000
707.321102   0.000000
710.158445   0.000000
712.995844   0.000000
715.833299   0.000000
718.670811   0.000000
721.508379   0.000000
724.346003   0.000000
727.183683   0.000000
730.021420   0.003312
732.859213   0.000002
735.697062   0.000001
738.534967   0.000000
741.372929   0.000000
744.210947   0.000000
747.049021   0.000000
749.887151   0.000000
752.725338   0.000000
755.563580   0.000000
758.401879   0.000000
761.240235   0.000000
764.078646   0.000000
766.917114   0.000000
769.755638   0.000000
772.594218   0.000000
775.432854   0.000000
778.271547   0.000001
781.110296   0.000001
783.949101   0.000001
786.787962   0.000001
789.626880   0.000001
792.465854   0.000001
795.304884   0.000001
798.143970   0.000001
800.983113   0.000001
803.822312   0.000001
806.661567   0.000001
809.500878   0.000001
812.340246   0.030427
815.179670   0.005764
818.019150   0.002316
820.858686   0.000002
823.698279   0.000001
826.537927   0.000001
829.377632   0.000001
832.217393   0.000001
835.057211   0.000001
837.897085   0.000001
840.737015   0.000001
843.577001   0.000001
846.417043   0.000001
849.257142   0.000001
852.097297   0.000001
854.937508   0.000001
857.777775   0.000001
860.618099   0.000001
863.458479   0.000001
866.298915   0.000001
869.139407   0.000001
871.979956   0.000001
874.820561   0.000001
877.661222   0.000002
880.501939   0.000002
883.342713   0.000002
886.183543   0.000002
889.024429   0.000001
891.865371   0.000001
894.706370   0.000002
897.547424   0.000001
900.388535   0.000002
903.229703   0.000002
906.070926   0.000002
908.912206   0.000002
911.753542   0.000002
914.594934   0.000002
917.436382   0.000002
920.277887   0.000002
923.119448   0.000002
925.961065   0.000002
928.802738   0.000002
931.644468   0.000001
934.486254   0.000002
937.328096   0.000002
940.169994   0.000002
943.011949   0.000002
945.853960   0.000002
948.696027   0.000002
951.538150   0.000002
954.380330   0.000002
957.222566   0.000002
960.064858   0.000002
962.907206   0.000003
965.749611   0.000003
968.592071   0.000003
971.434588   0.000003
974.277162   0.000007
977.119791   0.000003
979.962477   0.000012
982.805219   0.000003
985.648017   0.000015
988.490871   0.000019
991.333782   0.000026
994.176749   0.000004
997.019772   0.000017
999.862851   0.000006
1002.705987   0.002513
1005.549179   0.002516
1008.392427   0.002518
1011.235731   0.002524
1014.079092   0.002526
1016.922509   0.002527
1019.765982   0.002533
1022.609511   0.002534
1025.453097   0.002537
1028.296739   0.002542
1031.140437   0.002543
1033.984191   0.002545
1036.828002   0.002550
1039.671868   0.002551
1042.515791   0.002553
1045.359770   0.002558
