  0.000493
  0.000489
  0.000475
  0.000470
  0.000460
  0.000453
  0.000442
  0.000436
  0.000427
  0.000420
  0.000411
  0.000404
  0.000396
  0.000388
  0.000379
  0.000370
  0.000363
  0.000354
  0.000345
  0.000337
  0.000328
  0.000320
  0.000313
  0.000304
  0.000297
  0.000291
  0.000284
  0.000277
  0.000272
  0.000265
  0.000260
  0.000254
  0.000248
  0.000244
  0.000238
  0.000234
  0.000230
  0.000226
  0.000221
  0.000218
  0.000214
  0.000209
  0.000205
  0.000202
  0.000198
  0.000195
  0.000191
  0.000188
  0.000184
  0.000183
  0.000176
  0.000176
  0.000172
  0.000169
  0.000167
  0.000164
  0.000161
  0.000159
  0.000156
  0.000153
  0.000150
  0.000148
  0.000143
  0.000144
  0.000139
  0.000140
  0.000138
  0.000136
  0.000134
  0.000129
  0.000130
  0.000125
  0.000123
  0.000121
  0.000120
  0.000115
  0.000117
  0.000115
  0.000111
  0.000109
  0.000112
  0.000110
  0.000105
  0.000106
  0.000102
  0.000101
  0.000099
  0.000097
  0.000095
  0.000095
  0.000095
  0.000098
  0.000096
  0.000093
  0.000092
  0.000086
  0.000086
  0.000090
  0.000085
  0.000087
  0.000083
  0.000081
  0.000081
  0.000083
  0.000079
  0.000078
  0.000078
  0.000077
  0.000074
  0.000075
  0.000074
  0.000076
  0.000073
  0.000072
  0.000070
  0.000065
  0.000068
  0.000070
  0.000070
  0.000068
  0.000067
  0.000066
  0.000066
  0.000065
  0.000065
  0.000064
  0.000063
  0.000063
  0.000063
  0.000063
  0.000071
  0.000064
  0.000062
  0.000064
  0.000062
  0.000062
  0.000061
  0.000061
  0.000061
  0.000060
  0.000057
  0.000057
  0.000058
  0.000064
  0.000061
  0.000062
  0.000062
  0.000061
  0.000061
  0.000060
  0.000062
  0.000062
  0.000061
  0.000064
  0.000061
  0.000064
  0.000064
  0.000064
  0.000064
  0.000137
  0.000083
  0.000074
  0.000065
  0.000063
  0.000064
  0.000064
  0.000068
  0.000068
  0.000064
  0.000068
  0.000066
  0.000069
  0.000067
  0.000067
  0.000067
  0.000067
  0.000071
  0.000070
  0.000072
  0.000071
  0.000070
  0.000063
  0.000064
  0.000065
  0.000064
  0.000071
  0.000071
  0.000075
  0.000071
  0.000075
  0.000075
  0.000076
  0.000078
  0.000078
  0.000078
  0.000078
  0.000078
  0.000079
  0.000079
  0.000079
  0.000085
  0.000085
  0.000079
  0.000079
  0.000085
  0.000085
  0.000079
  0.000079
  0.000084
  0.000079
  0.000079
  0.000084
  0.000079
  0.000075
  0.000077
  0.000073
  0.000079
  0.000077
  0.000074
  0.000077
  0.000071
  0.000078
  0.000080
  0.000089
  0.000076
  0.000073
  0.000098
  0.000207
  0.000336
  0.000340
  0.000374
  0.000167
  0.000203
  0.000520
  0.000273
  0.000464
  0.000275
  0.000266
  0.000190
  0.000192
  0.000168
  0.000194
  1.000000
  0.000216
  0.003795
  0.130998
