361.587234   3.781834
364.417716   4.060293
367.248254   4.259104
370.078848   4.051419
372.909498   3.582867
375.740205   3.580303
378.570968   3.920679
381.401787   3.296977
384.232662   2.843748
387.063594   3.145855
389.894582   3.423049
392.725626   2.996307
395.556726   3.002093
398.387882   3.727153
401.219095   4.487041
404.050364   4.411423
406.881689   4.240462
409.713071   4.246160
412.544509   4.326923
415.376003   4.267267
418.207553   4.109904
421.039159   4.044913
423.870822   3.883442
426.702541   3.728663
429.534316   3.297287
432.366147   3.437103
435.198035   3.655043
438.029979   3.605741
440.861979   3.640668
443.694035   3.749161
446.526148   3.675518
449.358317   3.776558
452.190542   3.708876
455.022823   3.580642
457.855161   3.559762
460.687555   3.488754
463.520005   3.419357
466.352511   3.260718
469.185073   3.175306
472.017692   3.127702
474.850367   3.096208
477.683099   3.046353
480.515886   3.020618
483.348730   2.915294
486.181630   2.598834
489.014586   2.649126
491.847598   2.635718
494.680667   2.615165
497.513792   2.557880
500.346973   2.410443
503.180210   2.332593
506.013504   2.332171
508.846854   2.266384
511.680260   2.204833
514.513722   2.096162
517.347241   1.915936
520.180816   1.952407
523.014447   1.974891
525.848134   1.924821
528.681878   1.894675
531.515678   1.902884
534.349534   1.843410
537.183446   1.819688
540.017414   1.746130
542.851439   1.716333
545.685520   1.702198
548.519657   1.658009
551.353851   1.638395
554.188101   1.602614
557.022407   1.536683
559.856769   1.473845
562.691187   1.457841
565.525662   1.416072
568.360193   1.380606
571.194780   1.345304
574.029423   1.334380
576.864123   1.284895
579.698879   1.247128
582.533691   1.227041
585.368559   1.177952
588.203484   1.107828
591.038465   1.080723
593.873502   1.074328
596.708595   1.049997
599.543745   1.013039
602.378951   0.986995
605.214213   0.981408
608.049531   0.959684
610.884905   0.933224
613.720336   0.907126
616.555823   0.881984
619.391367   0.877885
622.226966   0.856879
625.062622   0.827240
627.898334   0.817271
630.734102   0.792782
633.569926   0.768491
636.405807   0.756067
639.241744   0.741968
642.077737   0.720472
644.913786   0.709959
647.749892   0.696467
650.586054   0.682172
653.422272   0.663471
656.258546   0.606835
659.094877   0.625073
661.931264   0.626885
664.767707   0.599580
667.604206   0.607141
670.440762   0.599151
673.277374   0.592424
676.114042   0.581182
678.950766   0.567827
681.787546   0.556054
684.624383   0.547663
687.461276   0.538948
690.298225   0.527118
693.135231   0.518876
695.972293   0.509848
698.809411   0.500520
701.646585   0.485993
704.483815   0.480697
707.321102   0.472589
710.158445   0.459472
712.995844   0.449273
715.833299   0.440064
718.670811   0.429175
721.508379   0.418476
724.346003   0.413445
727.183683   0.404107
730.021420   0.336932
732.859213   0.339927
735.697062   0.364574
738.534967   0.368637
741.372929   0.359852
744.210947   0.357358
747.049021   0.353466
749.887151   0.345457
752.725338   0.338480
755.563580   0.332205
758.401879   0.324709
761.240235   0.317536
764.078646   0.313581
766.917114   0.302635
769.755638   0.298038
772.594218   0.291023
775.432854   0.286811
778.271547   0.279752
781.110296   0.274060
783.949101   0.269158
786.787962   0.267368
789.626880   0.261547
792.465854   0.251580
795.304884   0.247669
798.143970   0.244547
800.983113   0.240436
803.822312   0.234926
806.661567   0.231957
809.500878   0.226379
812.340246   0.191808
815.179670   0.188119
818.019150   0.182496
820.858686   0.190893
823.698279   0.202904
826.537927   0.203043
829.377632   0.199508
832.217393   0.194238
835.057211   0.191022
837.897085   0.187352
840.737015   0.184359
843.577001   0.179903
846.417043   0.177230
849.257142   0.167752
852.097297   0.162315
854.937508   0.153007
857.777775   0.161949
860.618099   0.160282
863.458479   0.158772
866.298915   0.148160
869.139407   0.153450
871.979956   0.153828
874.820561   0.147381
877.661222   0.144473
880.501939   0.140215
883.342713   0.139860
886.183543   0.137008
889.024429   0.134975
891.865371   0.132358
894.706370   0.129433
897.547424   0.127126
900.388535   0.122111
903.229703   0.120074
906.070926   0.118938
908.912206   0.114900
911.753542   0.114109
914.594934   0.114399
917.436382   0.111709
920.277887   0.108326
923.119448   0.103871
925.961065   0.102619
928.802738   0.103922
931.644468   0.102029
934.486254   0.100147
937.328096   0.097694
940.169994   0.096073
943.011949   0.093709
945.853960   0.092943
948.696027   0.091697
951.538150   0.090807
954.380330   0.087156
957.222566   0.086029
960.064858   0.085685
962.907206   0.083071
965.749611   0.081202
968.592071   0.083130
971.434588   0.082068
974.277162   0.082120
977.119791   0.076548
979.962477   0.078509
982.805219   0.076974
985.648017   0.072549
988.490871   0.079156
991.333782   0.077299
994.176749   0.070428
997.019772   0.067990
999.862851   0.066500
1002.705987   0.102102
1005.549179   0.084245
1008.392427   0.076145
1011.235731   0.073990
1014.079092   0.072003
1016.922509   0.082609
1019.765982   0.078589
1022.609511   0.064254
1025.453097   0.073355
1028.296739   0.063675
1031.140437   0.069720
1033.984191   0.067936
1036.828002   0.074614
1039.671868   0.075023
1042.515791   0.074406
1045.359770   0.071603
