  0.000429
  0.000426
  0.000418
  0.000415
  0.000408
  0.000403
  0.000398
  0.000393
  0.000388
  0.000383
  0.000378
  0.000373
  0.000367
  0.000362
  0.000355
  0.000349
  0.000344
  0.000337
  0.000329
  0.000321
  0.000314
  0.000306
  0.000300
  0.000292
  0.000285
  0.000279
  0.000272
  0.000266
  0.000260
  0.000254
  0.000249
  0.000244
  0.000237
  0.000232
  0.000228
  0.000223
  0.000219
  0.000215
  0.000210
  0.000207
  0.000203
  0.000198
  0.000193
  0.000191
  0.000187
  0.000183
  0.000180
  0.000176
  0.000172
  0.000169
  0.000163
  0.000160
  0.000156
  0.000153
  0.000150
  0.000147
  0.000144
  0.000141
  0.000138
  0.000135
  0.000132
  0.000130
  0.000125
  0.000125
  0.000120
  0.000121
  0.000119
  0.000117
  0.000115
  0.000110
  0.000111
  0.000106
  0.000104
  0.000102
  0.000100
  0.000096
  0.000098
  0.000096
  0.000092
  0.000091
  0.000093
  0.000092
  0.000088
  0.000088
  0.000086
  0.000085
  0.000083
  0.000082
  0.000081
  0.000080
  0.000079
  0.000080
  0.000078
  0.000076
  0.000077
  0.000072
  0.000073
  0.000075
  0.000071
  0.000073
  0.000069
  0.000068
  0.000067
  0.000069
  0.000066
  0.000065
  0.000065
  0.000064
  0.000062
  0.000062
  0.000062
  0.000063
  0.000060
  0.000060
  0.000059
  0.000054
  0.000056
  0.000058
  0.000058
  0.000056
  0.000056
  0.000056
  0.000055
  0.000055
  0.000054
  0.000054
  0.000054
  0.000054
  0.000053
  0.000053
  0.000061
  0.000055
  0.000053
  0.000053
  0.000052
  0.000052
  0.000052
  0.000052
  0.000051
  0.000051
  0.000048
  0.000048
  0.000048
  0.000052
  0.000051
  0.000051
  0.000052
  0.000051
  0.000051
  0.000051
  0.000054
  0.000051
  0.000051
  0.000054
  0.000052
  0.000054
  0.000054
  0.000054
  0.000054
  0.000116
  0.000070
  0.000062
  0.000055
  0.000053
  0.000054
  0.000054
  0.000058
  0.000058
  0.000055
  0.000058
  0.000057
  0.000059
  0.000058
  0.000058
  0.000058
  0.000058
  0.000062
  0.000061
  0.000063
  0.000062
  0.000063
  0.000055
  0.000057
  0.000058
  0.000055
  0.000063
  0.000061
  0.000063
  0.000064
  0.000066
  0.000066
  0.000067
  0.000068
  0.000068
  0.000068
  0.000068
  0.000068
  0.000068
  0.000068
  0.000069
  0.000073
  0.000073
  0.000069
  0.000069
  0.000074
  0.000074
  0.000069
  0.000069
  0.000073
  0.000069
  0.000069
  0.000073
  0.000069
  0.000068
  0.000067
  0.000064
  0.000069
  0.000070
  0.000064
  0.000068
  0.000067
  0.000066
  0.000066
  0.000073
  0.000070
  0.000068
  0.000080
  0.000174
  0.000277
  0.000277
  0.000303
  0.000144
  0.000173
  0.000407
  0.000230
  0.000369
  0.000230
  0.000223
  0.000161
  0.000160
  0.000144
  0.000165
  1.000000
  0.000185
  0.003241
  0.119804
