361.587234   3.778872
364.417716   4.056957
367.248254   4.255433
370.078848   4.047757
372.909498   3.579473
375.740205   3.576748
378.570968   3.916602
381.401787   3.293387
384.232662   2.840506
387.063594   3.142101
389.894582   3.418776
392.725626   2.992395
395.556726   2.997994
398.387882   3.721836
401.219095   4.486952
404.050364   4.411488
406.881689   4.241020
409.713071   4.246945
412.544509   4.327830
415.376003   4.267870
418.207553   4.110813
421.039159   4.045294
423.870822   3.883843
426.702541   3.728848
429.534316   3.297482
432.366147   3.437301
435.198035   3.655143
438.029979   3.605867
440.861979   3.640746
443.694035   3.749242
446.526148   3.675614
449.358317   3.776663
452.190542   3.708880
455.022823   3.580588
457.855161   3.559706
460.687555   3.487912
463.520005   3.418664
466.352511   3.258620
469.185073   3.169505
472.017692   3.118363
474.850367   3.078954
477.683099   3.028764
480.515886   3.003745
483.348730   2.895656
486.181630   2.574567
489.014586   2.607193
491.847598   2.588516
494.680667   2.559552
497.513792   2.499620
500.346973   2.359648
503.180210   2.292629
506.013504   2.295489
508.846854   2.228548
511.680260   2.167051
514.513722   2.053178
517.347241   1.874334
520.180816   1.900035
523.014447   1.919430
525.848134   1.871647
528.681878   1.843656
531.515678   1.850511
534.349534   1.794594
537.183446   1.765136
540.017414   1.685292
542.851439   1.656324
545.685520   1.640594
548.519657   1.594208
551.353851   1.573617
554.188101   1.538507
557.022407   1.474518
559.856769   1.417056
562.691187   1.403747
565.525662   1.367290
568.360193   1.338969
571.194780   1.307972
574.029423   1.300405
576.864123   1.254090
579.698879   1.219788
582.533691   1.205104
585.368559   1.162381
588.203484   1.103712
591.038465   1.080407
593.873502   1.074311
596.708595   1.050042
599.543745   1.013082
602.378951   0.987038
605.214213   0.981452
608.049531   0.959728
610.884905   0.933268
613.720336   0.907169
616.555823   0.882026
619.391367   0.877924
622.226966   0.856920
625.062622   0.827281
627.898334   0.817314
630.734102   0.792823
633.569926   0.768529
636.405807   0.756103
639.241744   0.742003
642.077737   0.720505
644.913786   0.709991
647.749892   0.696502
650.586054   0.682204
653.422272   0.663504
656.258546   0.606868
659.094877   0.625109
661.931264   0.626921
664.767707   0.599566
667.604206   0.607174
670.440762   0.599179
673.277374   0.592451
676.114042   0.581185
678.950766   0.567842
681.787546   0.556078
684.624383   0.547700
687.461276   0.538983
690.298225   0.527154
693.135231   0.518915
695.972293   0.509888
698.809411   0.500560
701.646585   0.486034
704.483815   0.480738
707.321102   0.472631
710.158445   0.459513
712.995844   0.449313
715.833299   0.440104
718.670811   0.429213
721.508379   0.418516
724.346003   0.413485
727.183683   0.404148
730.021420   0.308325
732.859213   0.339947
735.697062   0.364617
738.534967   0.368672
741.372929   0.359893
744.210947   0.357396
747.049021   0.353504
749.887151   0.345496
752.725338   0.338519
755.563580   0.332243
758.401879   0.324738
761.240235   0.317563
764.078646   0.313605
766.917114   0.302658
769.755638   0.298073
772.594218   0.291056
775.432854   0.286840
778.271547   0.279787
781.110296   0.274096
783.949101   0.269196
786.787962   0.267404
789.626880   0.261586
792.465854   0.251619
795.304884   0.247706
798.143970   0.244587
800.983113   0.240475
803.822312   0.234965
806.661567   0.231996
809.500878   0.226420
812.340246   0.171707
815.179670   0.170499
818.019150   0.164305
820.858686   0.190947
823.698279   0.202946
826.537927   0.203084
829.377632   0.199549
832.217393   0.194275
835.057211   0.191059
837.897085   0.187393
840.737015   0.184400
843.577001   0.179942
846.417043   0.177271
849.257142   0.167792
852.097297   0.162355
854.937508   0.153046
857.777775   0.161990
860.618099   0.160320
863.458479   0.158811
866.298915   0.148199
869.139407   0.153491
871.979956   0.153866
874.820561   0.147299
877.661222   0.144516
880.501939   0.140260
883.342713   0.138932
886.183543   0.137051
889.024429   0.135002
891.865371   0.132391
894.706370   0.129473
897.547424   0.127163
900.388535   0.122151
903.229703   0.120115
906.070926   0.118980
908.912206   0.114940
911.753542   0.114152
914.594934   0.114441
917.436382   0.111751
920.277887   0.108374
923.119448   0.103915
925.961065   0.102661
928.802738   0.103959
931.644468   0.102065
934.486254   0.100187
937.328096   0.097734
940.169994   0.096111
943.011949   0.093746
945.853960   0.092986
948.696027   0.091738
951.538150   0.090846
954.380330   0.087201
957.222566   0.086077
960.064858   0.085732
962.907206   0.083123
965.749611   0.081254
968.592071   0.081168
971.434588   0.079548
974.277162   0.078777
977.119791   0.076596
979.962477   0.074567
982.805219   0.074427
985.648017   0.072690
988.490871   0.071995
991.333782   0.070303
994.176749   0.069787
997.019772   0.068181
999.862851   0.066543
1002.705987   0.097239
1005.549179   0.083838
1008.392427   0.077146
1011.235731   0.074955
1014.079092   0.073121
1016.922509   0.081364
1019.765982   0.078090
1022.609511   0.065634
1025.453097   0.073863
1028.296739   0.065008
1031.140437   0.070167
1033.984191   0.068290
1036.828002   0.073806
1039.671868   0.074189
1042.515791   0.073095
1045.359770   0.070876
