3.897500038146972656e-01 2.961174249649047852e+00
3.972499966621398926e-01 3.691657543182373047e+00
4.045000076293945312e-01 5.308036327362060547e+00
4.120000004768371582e-01 5.588185310363769531e+00
4.192500114440917969e-01 5.993240833282470703e+00
4.267500042915344238e-01 5.891127109527587891e+00
4.342499971389770508e-01 6.343626499176025391e+00
4.415000081062316895e-01 7.377413272857666016e+00
4.490000009536743164e-01 8.491847991943359375e+00
4.564999938011169434e-01 9.180358886718750000e+00
4.639999866485595703e-01 9.572963714599609375e+00
4.712499976158142090e-01 9.700511932373046875e+00
4.787499904632568359e-01 9.891230583190917969e+00
4.862500131130218506e-01 9.628450393676757812e+00
4.934999942779541016e-01 1.019274234771728516e+01
5.009999871253967285e-01 1.052115535736083984e+01
5.084999799728393555e-01 1.086458396911621094e+01
5.159999728202819824e-01 1.082003879547119141e+01
5.235000252723693848e-01 1.125300598144531250e+01
5.310000181198120117e-01 1.201661014556884766e+01
5.379999876022338867e-01 1.222434043884277344e+01
5.454999804496765137e-01 1.266574573516845703e+01
5.529999732971191406e-01 1.308510875701904297e+01
5.605000257492065430e-01 1.323281669616699219e+01
5.680000185966491699e-01 1.367613792419433594e+01
5.755000114440917969e-01 1.399396228790283203e+01
5.830000042915344238e-01 1.442165946960449219e+01
5.904999971389770508e-01 1.418889236450195312e+01
5.975000262260437012e-01 1.467606353759765625e+01
6.050000190734863281e-01 1.482137107849121094e+01
6.125000119209289551e-01 1.465247821807861328e+01
6.200000047683715820e-01 1.464778614044189453e+01
6.274999976158142090e-01 1.450609970092773438e+01
6.349999904632568359e-01 1.464451408386230469e+01
6.424999833106994629e-01 1.467309474945068359e+01
6.499999761581420898e-01 1.437977218627929688e+01
6.575000286102294922e-01 1.425187110900878906e+01
6.650000214576721191e-01 1.469286727905273438e+01
6.719999909400939941e-01 1.469161319732666016e+01
6.794999837875366211e-01 1.464582443237304688e+01
6.869999766349792480e-01 1.330354785919189453e+01
6.945000290870666504e-01 1.352898597717285156e+01
7.020000219345092773e-01 1.375584983825683594e+01
7.095000147819519043e-01 1.399216365814208984e+01
7.170000076293945312e-01 1.283128261566162109e+01
7.245000004768371582e-01 1.223987388610839844e+01
7.319999933242797852e-01 1.263643836975097656e+01
7.394999861717224121e-01 1.314473533630371094e+01
7.465000152587890625e-01 1.321265792846679688e+01
7.540000081062316895e-01 1.227479934692382812e+01
7.615000009536743164e-01 8.338132858276367188e+00
7.689999938011169434e-01 1.075463867187500000e+01
7.764999866485595703e-01 1.244983577728271484e+01
7.839999794960021973e-01 1.232455921173095703e+01
7.914999723434448242e-01 1.196507453918457031e+01
7.990000247955322266e-01 1.185988521575927734e+01
8.065000176429748535e-01 1.169146728515625000e+01
8.140000104904174805e-01 1.061375713348388672e+01
8.215000033378601074e-01 1.013715553283691406e+01
8.289999961853027344e-01 1.039055061340332031e+01
8.360000252723693848e-01 1.062517261505126953e+01
8.435000181198120117e-01 1.062821769714355469e+01
8.510000109672546387e-01 1.012862014770507812e+01
8.585000038146972656e-01 1.015496826171875000e+01
8.659999966621398926e-01 9.859572410583496094e+00
8.734999895095825195e-01 9.931075096130371094e+00
8.809999823570251465e-01 9.769621849060058594e+00
8.884999752044677734e-01 9.631088256835937500e+00
8.960000276565551758e-01 8.583297729492187500e+00
9.035000205039978027e-01 8.103059768676757812e+00
9.110000133514404297e-01 7.898188114166259766e+00
9.185000061988830566e-01 7.927132606506347656e+00
9.254999756813049316e-01 7.599820137023925781e+00
9.330000281333923340e-01 5.208926200866699219e+00
9.405000209808349609e-01 4.883769035339355469e+00
9.480000138282775879e-01 5.093909263610839844e+00
9.555000066757202148e-01 5.484278678894042969e+00
9.629999995231628418e-01 6.270362377166748047e+00
9.704999923706054688e-01 7.252850055694580078e+00
9.779999852180480957e-01 7.462920665740966797e+00
9.854999780654907227e-01 7.963120937347412109e+00
9.929999709129333496e-01 8.011003494262695312e+00
1.000499963760375977e+00 7.851037502288818359e+00
1.008000016212463379e+00 7.723047256469726562e+00
1.015499949455261230e+00 7.698582172393798828e+00
1.022500038146972656e+00 7.587279796600341797e+00
1.029999971389770508e+00 7.536060333251953125e+00
1.037999987602233887e+00 7.428045272827148438e+00
1.044999957084655762e+00 7.317332744598388672e+00
1.052999973297119141e+00 7.225118160247802734e+00
1.059999942779541016e+00 7.033804893493652344e+00
1.067000031471252441e+00 6.871611595153808594e+00
1.075000047683715820e+00 6.827954292297363281e+00
1.082000017166137695e+00 6.723156452178955078e+00
1.090000033378601074e+00 6.539362907409667969e+00
1.097000002861022949e+00 6.242714881896972656e+00
1.105000019073486328e+00 5.890424251556396484e+00
1.111999988555908203e+00 4.780754089355468750e+00
1.120000004768371582e+00 3.002692222595214844e+00
1.126999974250793457e+00 2.601122379302978516e+00
1.134999990463256836e+00 3.005472421646118164e+00
1.141999959945678711e+00 3.438537597656250000e+00
1.149000048637390137e+00 3.365360736846923828e+00
1.156999945640563965e+00 4.323145389556884766e+00
1.164000034332275391e+00 5.193202018737792969e+00
1.172000050544738770e+00 5.544559478759765625e+00
1.179000020027160645e+00 5.502548694610595703e+00
1.187000036239624023e+00 5.471904277801513672e+00
1.194000005722045898e+00 5.549752712249755859e+00
1.202000021934509277e+00 5.365486145019531250e+00
1.208999991416931152e+00 5.406635761260986328e+00
1.217000007629394531e+00 5.508766174316406250e+00
1.223999977111816406e+00 5.498097896575927734e+00
1.231999993324279785e+00 5.531344890594482422e+00
1.238999962806701660e+00 5.483399391174316406e+00
1.246000051498413086e+00 5.382664680480957031e+00
1.253999948501586914e+00 5.193742752075195312e+00
1.261000037193298340e+00 4.734399795532226562e+00
1.269000053405761719e+00 4.381760597229003906e+00
1.276000022888183594e+00 4.838661193847656250e+00
1.284000039100646973e+00 4.988759040832519531e+00
1.291000008583068848e+00 5.064949035644531250e+00
1.299000024795532227e+00 4.924046993255615234e+00
1.305999994277954102e+00 4.649813175201416016e+00
1.314000010490417480e+00 4.346900939941406250e+00
1.320999979972839355e+00 4.051922321319580078e+00
1.327999949455261230e+00 3.646667480468750000e+00
1.335999965667724609e+00 3.133992195129394531e+00
1.343000054359436035e+00 2.531872034072875977e+00
1.350999951362609863e+00 1.248100161552429199e+00
1.358000040054321289e+00 3.618826568126678467e-01
1.366000056266784668e+00 8.910788595676422119e-02
1.373000025749206543e+00 8.623861521482467651e-02
1.381000041961669922e+00 8.367687463760375977e-02
1.388000011444091797e+00 1.121513098478317261e-01
1.394999980926513672e+00 1.476017534732818604e-01
1.402999997138977051e+00 1.910664737224578857e-01
1.409999966621398926e+00 2.970911562442779541e-01
1.417999982833862305e+00 5.161864161491394043e-01
1.424999952316284180e+00 7.809984683990478516e-01
1.432999968528747559e+00 8.608894348144531250e-01
1.440000057220458984e+00 1.004987478256225586e+00
1.447999954223632812e+00 1.303048253059387207e+00
1.455000042915344238e+00 1.846301078796386719e+00
1.463000059127807617e+00 1.928753137588500977e+00
1.470000028610229492e+00 1.557517051696777344e+00
1.476999998092651367e+00 1.799749851226806641e+00
1.485000014305114746e+00 2.135841608047485352e+00
1.491999983787536621e+00 2.690669536590576172e+00
1.500000000000000000e+00 3.029294013977050781e+00
1.506999969482421875e+00 3.171307802200317383e+00
1.514999985694885254e+00 3.366751909255981445e+00
1.521999955177307129e+00 3.447369337081909180e+00
1.529999971389770508e+00 3.476857662200927734e+00
1.536999940872192383e+00 3.470005989074707031e+00
1.544000029563903809e+00 3.449980974197387695e+00
1.552000045776367188e+00 3.456432819366455078e+00
1.559000015258789062e+00 3.413139104843139648e+00
1.567000031471252441e+00 3.287941217422485352e+00
1.574000000953674316e+00 3.099970102310180664e+00
1.582000017166137695e+00 3.182903766632080078e+00
1.588999986648559570e+00 3.197684764862060547e+00
1.597000002861022949e+00 3.180299282073974609e+00
1.603999972343444824e+00 2.981207132339477539e+00
1.610999941825866699e+00 2.945609331130981445e+00
1.618999958038330078e+00 3.127309083938598633e+00
1.626000046730041504e+00 3.122640371322631836e+00
1.633999943733215332e+00 3.055359125137329102e+00
1.641000032424926758e+00 2.904945850372314453e+00
1.649000048637390137e+00 2.916861534118652344e+00
1.656000018119812012e+00 2.923660755157470703e+00
1.662999987602233887e+00 2.851759195327758789e+00
1.671000003814697266e+00 2.810574054718017578e+00
1.677999973297119141e+00 2.728594541549682617e+00
1.685999989509582520e+00 2.713859319686889648e+00
1.692999958992004395e+00 2.695698976516723633e+00
1.700999975204467773e+00 2.649042129516601562e+00
1.707999944686889648e+00 2.564543962478637695e+00
1.715999960899353027e+00 2.529401302337646484e+00
1.723000049591064453e+00 2.433270931243896484e+00
1.730000019073486328e+00 2.352742671966552734e+00
1.738000035285949707e+00 2.212609529495239258e+00
1.745000004768371582e+00 2.198057413101196289e+00
1.753000020980834961e+00 2.173581838607788086e+00
1.759999990463256836e+00 2.103124856948852539e+00
1.768000006675720215e+00 1.980487465858459473e+00
1.774999976158142090e+00 1.797117471694946289e+00
1.781999945640563965e+00 1.581444025039672852e+00
1.789999961853027344e+00 1.403662323951721191e+00
1.797000050544738770e+00 1.000916957855224609e+00
1.804999947547912598e+00 5.950608253479003906e-01
1.812000036239624023e+00 3.793880045413970947e-01
1.820000052452087402e+00 2.083526402711868286e-01
1.827000021934509277e+00 1.089829280972480774e-01
1.833999991416931152e+00 2.571168355643749237e-02
1.842000007629394531e+00 2.331065945327281952e-02
1.848999977111816406e+00 2.375101670622825623e-02
1.856999993324279785e+00 2.268106676638126373e-02
1.863999962806701660e+00 3.326838836073875427e-02
1.871999979019165039e+00 1.895631849765777588e-02
1.878999948501586914e+00 3.795900568366050720e-02
1.886000037193298340e+00 6.434079259634017944e-02
1.894000053405761719e+00 5.719145387411117554e-02
1.901000022888183594e+00 2.787801437079906464e-02
1.909000039100646973e+00 2.451875805854797363e-02
1.916000008583068848e+00 5.170254781842231750e-02
1.924000024795532227e+00 1.074790507555007935e-01
1.930999994277954102e+00 1.248098164796829224e-01
1.937999963760375977e+00 1.870862245559692383e-01
1.945999979972839355e+00 2.657047808170318604e-01
1.952999949455261230e+00 2.474841624498367310e-01
1.960999965667724609e+00 3.148269653320312500e-01
1.968000054359436035e+00 5.846103429794311523e-01
1.975000023841857910e+00 8.756418824195861816e-01
1.983000040054321289e+00 1.071409940719604492e+00
1.990000009536743164e+00 1.086962819099426270e+00
1.998000025749206543e+00 6.333550214767456055e-01
2.005000114440917969e+00 2.070797830820083618e-01
2.013000011444091797e+00 2.643622457981109619e-01
2.019999980926513672e+00 4.869931042194366455e-01
2.026999950408935547e+00 9.432713389396667480e-01
2.035000085830688477e+00 1.162669897079467773e+00
2.042000055313110352e+00 1.132287263870239258e+00
2.049999952316284180e+00 8.660638928413391113e-01
2.058000087738037109e+00 7.189206480979919434e-01
2.063999891281127930e+00 7.686019539833068848e-01
2.072000026702880859e+00 8.545854091644287109e-01
2.079999923706054688e+00 1.053179144859313965e+00
2.085999965667724609e+00 1.112845897674560547e+00
2.094000101089477539e+00 1.150613665580749512e+00
2.101999998092651367e+00 1.157605409622192383e+00
2.108000040054321289e+00 1.165578126907348633e+00
2.115999937057495117e+00 1.149247050285339355e+00
2.124000072479248047e+00 1.138018250465393066e+00
2.131999969482421875e+00 1.137619853019714355e+00
2.138000011444091797e+00 1.125536918640136719e+00
2.145999908447265625e+00 1.103305101394653320e+00
2.154000043869018555e+00 1.047340273857116699e+00
2.160000085830688477e+00 1.007911801338195801e+00
2.167999982833862305e+00 9.763765335083007812e-01
2.176000118255615234e+00 9.815798401832580566e-01
2.184000015258789062e+00 9.476625323295593262e-01
2.190000057220458984e+00 9.391842484474182129e-01
2.197999954223632812e+00 8.717960119247436523e-01
2.206000089645385742e+00 8.503403663635253906e-01
2.211999893188476562e+00 8.706321716308593750e-01
2.220000028610229492e+00 8.670997619628906250e-01
2.227999925613403320e+00 8.666295409202575684e-01
2.233999967575073242e+00 8.491305708885192871e-01
2.242000102996826172e+00 8.362908959388732910e-01
2.250000000000000000e+00 8.171923756599426270e-01
2.257999897003173828e+00 7.953363656997680664e-01
2.263999938964843750e+00 7.806603908538818359e-01
2.272000074386596680e+00 7.711556553840637207e-01
2.279999971389770508e+00 7.575916051864624023e-01
2.286000013351440430e+00 7.380648255348205566e-01
2.293999910354614258e+00 6.978993415832519531e-01
2.302000045776367188e+00 6.891626119613647461e-01
2.308000087738037109e+00 7.125018835067749023e-01
2.315999984741210938e+00 6.472156047821044922e-01
2.323999881744384766e+00 6.438233852386474609e-01
2.329999923706054688e+00 6.569595336914062500e-01
2.338000059127807617e+00 6.040052771568298340e-01
2.345999956130981445e+00 5.788274407386779785e-01
2.354000091552734375e+00 5.369642972946166992e-01
2.359999895095825195e+00 5.855596065521240234e-01
2.368000030517578125e+00 5.101801753044128418e-01
2.375999927520751953e+00 4.972768127918243408e-01
2.381999969482421875e+00 4.889676272869110107e-01
2.390000104904174805e+00 4.930840432643890381e-01
2.398000001907348633e+00 5.071344375610351562e-01
2.404000043869018555e+00 4.659777879714965820e-01
2.411999940872192383e+00 4.245562255382537842e-01
2.420000076293945312e+00 3.797773122787475586e-01
2.427999973297119141e+00 4.475986957550048828e-01
2.434000015258789062e+00 3.290744125843048096e-01
2.441999912261962891e+00 3.898474276065826416e-01
2.450000047683715820e+00 2.164115458726882935e-01
2.456000089645385742e+00 3.273897171020507812e-01
2.463999986648559570e+00 2.844950556755065918e-01
2.471999883651733398e+00 2.052822262048721313e-01
2.477999925613403320e+00 1.717452406883239746e-01
2.486000061035156250e+00 7.407347857952117920e-02
2.493999958038330078e+00 5.216684564948081970e-02
