0.000000000000000000e+00 3.897549243999999802e-01 8.301710000000000339e-03
1.000000000000000000e+00 3.971545553999999978e-01 8.302489999999999176e-03
2.000000000000000000e+00 4.045571739000000111e-01 8.303319999999999451e-03
3.000000000000000000e+00 4.119627693999999840e-01 8.304219999999999310e-03
4.000000000000000000e+00 4.193713314999999997e-01 8.305140000000000786e-03
5.000000000000000000e+00 4.267828898000000093e-01 8.306120000000000170e-03
6.000000000000000000e+00 4.341974238999999902e-01 8.307149999999999257e-03
7.000000000000000000e+00 4.416143332999999949e-01 8.307570000000000232e-03
8.000000000000000000e+00 4.490330976999999946e-01 8.307429999999999329e-03
9.000000000000000000e+00 4.564537167000000117e-01 8.307319999999999982e-03
1.000000000000000000e+01 4.638761697000000073e-01 8.307250000000000398e-03
1.100000000000000000e+01 4.713004765000000096e-01 8.307240000000000457e-03
1.200000000000000000e+01 4.787266365999999218e-01 8.307260000000000338e-03
1.300000000000000000e+01 4.861546394999999854e-01 8.307329999999999923e-03
1.400000000000000000e+01 4.935844950000000120e-01 8.307439999999999269e-03
1.500000000000000000e+01 5.010158223999999771e-01 8.307190000000000754e-03
1.600000000000000000e+01 5.084483716000000042e-01 8.306680000000000313e-03
1.700000000000000000e+01 5.158821318999999850e-01 8.306199999999999695e-03
1.800000000000000000e+01 5.233171130999999532e-01 8.305790000000000395e-03
1.900000000000000000e+01 5.307533146999999785e-01 8.305379999999999360e-03
2.000000000000000000e+01 5.381907262999999775e-01 8.305049999999999585e-03
2.100000000000000000e+01 5.456293474000000199e-01 8.304729999999999751e-03
2.200000000000000000e+01 5.530691977999999676e-01 8.304459999999999620e-03
2.300000000000000000e+01 5.605100067999999602e-01 8.303949999999999179e-03
2.400000000000000000e+01 5.679516542000000445e-01 8.303339999999999332e-03
2.500000000000000000e+01 5.753941296000000261e-01 8.302749999999999367e-03
2.600000000000000000e+01 5.828374523999999557e-01 8.302210000000000839e-03
2.700000000000000000e+01 5.902816023000000412e-01 8.301700000000000398e-03
2.800000000000000000e+01 5.977265889999999748e-01 8.301239999999999661e-03
2.900000000000000000e+01 6.051724119000000401e-01 8.300790000000000599e-03
3.000000000000000000e+01 6.126190606000000427e-01 8.300389999999999505e-03
3.100000000000000000e+01 6.200663647999999917e-01 8.299809999999999480e-03
3.200000000000000000e+01 6.275142439999999988e-01 8.299189999999999692e-03
3.300000000000000000e+01 6.349627077999999702e-01 8.298609999999999667e-03
3.400000000000000000e+01 6.424117558999999922e-01 8.298049999999999524e-03
3.500000000000000000e+01 6.498613776999999647e-01 8.297540000000000818e-03
3.600000000000000000e+01 6.573115728999999741e-01 8.297040000000000318e-03
3.700000000000000000e+01 6.647623511000000374e-01 8.296589999999999521e-03
3.800000000000000000e+01 6.722137118000000022e-01 8.296170000000000280e-03
3.900000000000000000e+01 6.796654746000000413e-01 8.295580000000000315e-03
4.000000000000000000e+01 6.871176091999999791e-01 8.294990000000000349e-03
4.100000000000000000e+01 6.945701150999999962e-01 8.294410000000000324e-03
4.200000000000000000e+01 7.020229918000000513e-01 8.293870000000000062e-03
4.300000000000000000e+01 7.094762290999999665e-01 8.293359999999999621e-03
4.400000000000000000e+01 7.169298464000000148e-01 8.292870000000000796e-03
4.500000000000000000e+01 7.243838233999999598e-01 8.292419999999999999e-03
4.600000000000000000e+01 7.318381696000000325e-01 8.291979999999999143e-03
4.700000000000000000e+01 7.392928845999999776e-01 8.291589999999999724e-03
4.800000000000000000e+01 7.467479680999999925e-01 8.291200000000000306e-03
4.900000000000000000e+01 7.542034195000000274e-01 8.290850000000000650e-03
5.000000000000000000e+01 7.616592286000000156e-01 8.290519999999999140e-03
5.100000000000000000e+01 7.691154148000000079e-01 8.290199999999999306e-03
5.200000000000000000e+01 7.765719577999999901e-01 8.289929999999999174e-03
5.300000000000000000e+01 7.840288670999999709e-01 8.289660000000000778e-03
5.400000000000000000e+01 7.914861423000000284e-01 8.289440000000000350e-03
5.500000000000000000e+01 7.989437631000000373e-01 8.289200000000000040e-03
5.600000000000000000e+01 8.064015089999999608e-01 8.288739999999999303e-03
5.700000000000000000e+01 8.138593896000000383e-01 8.288300000000000181e-03
5.800000000000000000e+01 8.213173844000000168e-01 8.287869999999999265e-03
5.900000000000000000e+01 8.287755031000000328e-01 8.287479999999999847e-03
6.000000000000000000e+01 8.362337453000000531e-01 8.287110000000000309e-03
6.100000000000000000e+01 8.436921105000000365e-01 8.286740000000000772e-03
6.200000000000000000e+01 8.511505982999999498e-01 8.286399999999999322e-03
6.300000000000000000e+01 8.586092083999999902e-01 8.286079999999999487e-03
6.400000000000000000e+01 8.660679401999999971e-01 8.285759999999999653e-03
6.500000000000000000e+01 8.735267933999999457e-01 8.285479999999999581e-03
6.600000000000000000e+01 8.809857676000000248e-01 8.285209999999999450e-03
6.700000000000000000e+01 8.884448623999999795e-01 8.284949999999999259e-03
6.800000000000000000e+01 8.959040673000000510e-01 8.284690000000000804e-03
6.900000000000000000e+01 9.033634018999999737e-01 8.284470000000000375e-03
7.000000000000000000e+01 9.108228557999999975e-01 8.284259999999999888e-03
7.100000000000000000e+01 9.182824286999999863e-01 8.284049999999999400e-03
7.200000000000000000e+01 9.257420600000000332e-01 8.283799999999999150e-03
7.300000000000000000e+01 9.332016293999999546e-01 8.283439999999999553e-03
7.400000000000000000e+01 9.406611365000000502e-01 8.283070000000000016e-03
7.500000000000000000e+01 9.481205808999999540e-01 8.282710000000000419e-03
7.600000000000000000e+01 9.555799719999999997e-01 8.282390000000000585e-03
7.700000000000000000e+01 9.630392895999999592e-01 8.282039999999999194e-03
7.800000000000000000e+01 9.704985431999999523e-01 8.281739999999999241e-03
7.900000000000000000e+01 9.779577423999999963e-01 8.281419999999999407e-03
8.000000000000000000e+01 9.854168667999999576e-01 8.281119999999999454e-03
8.100000000000000000e+01 9.928759359000000062e-01 8.280819999999999501e-03
8.200000000000000000e+01 1.000334929399999906e+00 8.280549999999999369e-03
8.300000000000000000e+01 1.007793866899999946e+00 8.280269999999999297e-03
8.400000000000000000e+01 1.015252737800000027e+00 8.279999999999999166e-03
8.500000000000000000e+01 1.022711531899999970e+00 8.279740000000000710e-03
8.600000000000000000e+01 1.030170268700000058e+00 8.279480000000000520e-03
8.700000000000000000e+01 1.037628937800000095e+00 8.279230000000000270e-03
8.800000000000000000e+01 1.045087538700000040e+00 8.278980000000000020e-03
8.900000000000000000e+01 1.052546041200000060e+00 8.278690000000000007e-03
9.000000000000000000e+01 1.060004404599999894e+00 8.278390000000000054e-03
9.100000000000000000e+01 1.067462648700000072e+00 8.278090000000000101e-03
9.200000000000000000e+01 1.074920762999999946e+00 8.277790000000000148e-03
9.300000000000000000e+01 1.082378747199999935e+00 8.277510000000000076e-03
9.400000000000000000e+01 1.089836600699999991e+00 8.277200000000000182e-03
9.500000000000000000e+01 1.097294323200000088e+00 8.276900000000000229e-03
9.600000000000000000e+01 1.104751914199999963e+00 8.276620000000000157e-03
9.700000000000000000e+01 1.112209383399999973e+00 8.276320000000000204e-03
9.800000000000000000e+01 1.119666710399999987e+00 8.276030000000000192e-03
9.900000000000000000e+01 1.127123904699999901e+00 8.275729999999998504e-03
1.000000000000000000e+02 1.134580975900000066e+00 8.275440000000000226e-03
1.010000000000000000e+02 1.142037913600000065e+00 8.275140000000000273e-03
1.020000000000000000e+02 1.149494707399999927e+00 8.274840000000000320e-03
1.030000000000000000e+02 1.156951376799999931e+00 8.274540000000000367e-03
1.040000000000000000e+02 1.164407911499999893e+00 8.274230000000000473e-03
1.050000000000000000e+02 1.171864311100000000e+00 8.273920000000000580e-03
1.060000000000000000e+02 1.179320575099999990e+00 8.273620000000000627e-03
1.070000000000000000e+02 1.186776703100000052e+00 8.273290000000000852e-03
1.080000000000000000e+02 1.194232704700000092e+00 8.272969999999999283e-03
1.090000000000000000e+02 1.201688559499999975e+00 8.272629999999999567e-03
1.100000000000000000e+02 1.209144287099999993e+00 8.272309999999999733e-03
1.110000000000000000e+02 1.216599867100000010e+00 8.271950000000000136e-03
1.120000000000000000e+02 1.224055319000000086e+00 8.271610000000000421e-03
1.130000000000000000e+02 1.231510632400000027e+00 8.271250000000000824e-03
1.140000000000000000e+02 1.238965797000000091e+00 8.270879999999999552e-03
1.150000000000000000e+02 1.246420832299999892e+00 8.270500000000000074e-03
1.160000000000000000e+02 1.253875727799999895e+00 8.270130000000000536e-03
1.170000000000000000e+02 1.261330483300000305e+00 8.269719999999999502e-03
1.180000000000000000e+02 1.268785108199999900e+00 8.269310000000000202e-03
1.190000000000000000e+02 1.276239582199999889e+00 8.268899999999999167e-03
1.200000000000000000e+02 1.283693914799999947e+00 8.268460000000000046e-03
1.210000000000000000e+02 1.291148115699999988e+00 8.268030000000000865e-03
1.220000000000000000e+02 1.298602164400000092e+00 8.267560000000000187e-03
1.230000000000000000e+02 1.306055910400000020e+00 8.266930000000000459e-03
1.240000000000000000e+02 1.313509353500000199e+00 8.266249999999999293e-03
1.250000000000000000e+02 1.320962493199999921e+00 8.265589999999999743e-03
1.260000000000000000e+02 1.328415338999999973e+00 8.264900000000000371e-03
1.270000000000000000e+02 1.335867870499999999e+00 8.264199999999999324e-03
1.280000000000000000e+02 1.343320107400000074e+00 8.263480000000000131e-03
1.290000000000000000e+02 1.350772039200000219e+00 8.262739999999999321e-03
1.300000000000000000e+02 1.358223655600000024e+00 8.261990000000000306e-03
1.310000000000000000e+02 1.365674975999999985e+00 8.261219999999999675e-03
1.320000000000000000e+02 1.373125990099999916e+00 8.260440000000000837e-03
1.330000000000000000e+02 1.380576697399999997e+00 8.259630000000000444e-03
1.340000000000000000e+02 1.388027107699999929e+00 8.258810000000000109e-03
1.350000000000000000e+02 1.395477200299999998e+00 8.257959999999999953e-03
1.360000000000000000e+02 1.402926984999999904e+00 8.257099999999999856e-03
1.370000000000000000e+02 1.410376471299999990e+00 8.256219999999998144e-03
1.380000000000000000e+02 1.417825648900000068e+00 8.255310000000000079e-03
1.390000000000000000e+02 1.425274517100000082e+00 8.254390000000000338e-03
1.400000000000000000e+02 1.432723075800000023e+00 8.253450000000000716e-03
1.410000000000000000e+02 1.440171324500000072e+00 8.252469999999999598e-03
1.420000000000000000e+02 1.447619262599999956e+00 8.251470000000000332e-03
1.430000000000000000e+02 1.455066889900000104e+00 8.250469999999999332e-03
1.440000000000000000e+02 1.462514215999999978e+00 8.249430000000000304e-03
1.450000000000000000e+02 1.469961220300000093e+00 8.248359999999999720e-03
1.460000000000000000e+02 1.477407922600000090e+00 8.247269999999999254e-03
1.470000000000000000e+02 1.484854312299999979e+00 8.246150000000000702e-03
1.480000000000000000e+02 1.492300388999999949e+00 8.245010000000000533e-03
1.490000000000000000e+02 1.499746152499999985e+00 8.243860000000000424e-03
1.500000000000000000e+02 1.507191602100000027e+00 8.242650000000000671e-03
1.510000000000000000e+02 1.514636747600000000e+00 8.241439999999999183e-03
1.520000000000000000e+02 1.522081568599999990e+00 8.240189999999999668e-03
1.530000000000000000e+02 1.529526084500000049e+00 8.238910000000000330e-03
1.540000000000000000e+02 1.536970285000000214e+00 8.237599999999999437e-03
1.550000000000000000e+02 1.544414129600000019e+00 8.236230000000000634e-03
1.560000000000000000e+02 1.551857607999999944e+00 8.234790000000000512e-03
1.570000000000000000e+02 1.559300709800000018e+00 8.233330000000000509e-03
1.580000000000000000e+02 1.566743424500000037e+00 8.231820000000000803e-03
1.590000000000000000e+02 1.574185771700000069e+00 8.230299999999999422e-03
1.600000000000000000e+02 1.581627731099999989e+00 8.228740000000000013e-03
1.610000000000000000e+02 1.589069322100000070e+00 8.227150000000000782e-03
1.620000000000000000e+02 1.596510524399999964e+00 8.225520000000000054e-03
1.630000000000000000e+02 1.603951357499999952e+00 8.223859999999999504e-03
1.640000000000000000e+02 1.611391811100000071e+00 8.222170000000000867e-03
1.650000000000000000e+02 1.618831874799999904e+00 8.220440000000000733e-03
1.660000000000000000e+02 1.626271568099999953e+00 8.218680000000000777e-03
1.670000000000000000e+02 1.633710880500000018e+00 8.216879999999999323e-03
1.680000000000000000e+02 1.641149801799999919e+00 8.215049999999999783e-03
1.690000000000000000e+02 1.648588351499999938e+00 8.213170000000000540e-03
1.700000000000000000e+02 1.656026519100000094e+00 8.211249999999999799e-03
1.710000000000000000e+02 1.663464294299999979e+00 8.209320000000002587e-03
1.720000000000000000e+02 1.670901696600000097e+00 8.207340000000000468e-03
1.730000000000000000e+02 1.678338715700000039e+00 8.205310000000000381e-03
1.740000000000000000e+02 1.685775351099999986e+00 8.203250000000000472e-03
1.750000000000000000e+02 1.693211602299999896e+00 8.201140000000000860e-03
1.760000000000000000e+02 1.700647469099999975e+00 8.198999999999999691e-03
1.770000000000000000e+02 1.708082950899999952e+00 8.196820000000000495e-03
1.780000000000000000e+02 1.715518047400000023e+00 8.194589999999999860e-03
1.790000000000000000e+02 1.722952758199999934e+00 8.192339999999999345e-03
1.800000000000000000e+02 1.730387082800000087e+00 8.190019999999999245e-03
1.810000000000000000e+02 1.737821020800000005e+00 8.187669999999999323e-03
1.820000000000000000e+02 1.745254571800000098e+00 8.185279999999999639e-03
1.830000000000000000e+02 1.752687735399999891e+00 8.182830000000000312e-03
1.840000000000000000e+02 1.760120521199999954e+00 8.180349999999999427e-03
1.850000000000000000e+02 1.767552908799999933e+00 8.177830000000000515e-03
1.860000000000000000e+02 1.774984907699999948e+00 8.175250000000000225e-03
1.870000000000000000e+02 1.782416527599999911e+00 8.172640000000000113e-03
1.880000000000000000e+02 1.789847687900000039e+00 8.169910000000000713e-03
1.890000000000000000e+02 1.797278398400000032e+00 8.167119999999999935e-03
1.900000000000000000e+02 1.804708658600000071e+00 8.164299999999999335e-03
1.910000000000000000e+02 1.812138468099999900e+00 8.161440000000000708e-03
1.920000000000000000e+02 1.819567826499999930e+00 8.158500000000000821e-03
1.930000000000000000e+02 1.826996733299999898e+00 8.155529999999999377e-03
1.940000000000000000e+02 1.834425188200000001e+00 8.152509999999999965e-03
1.950000000000000000e+02 1.841853190699999976e+00 8.149440000000000850e-03
1.960000000000000000e+02 1.849280740400000012e+00 8.146320000000000297e-03
1.970000000000000000e+02 1.856707836900000075e+00 8.143150000000000041e-03
1.980000000000000000e+02 1.864134469799999971e+00 8.139930000000000082e-03
1.990000000000000000e+02 1.871560658699999991e+00 8.136660000000000420e-03
2.000000000000000000e+02 1.878986383199999999e+00 8.133319999999999439e-03
2.010000000000000000e+02 1.886411662800000055e+00 8.129950000000000371e-03
2.020000000000000000e+02 1.893836477200000035e+00 8.126519999999999924e-03
2.030000000000000000e+02 1.901260845799999988e+00 8.123029999999999834e-03
2.040000000000000000e+02 1.908684748400000020e+00 8.119499999999999981e-03
2.050000000000000000e+02 1.916108204499999967e+00 8.115890000000000604e-03
2.060000000000000000e+02 1.923531193699999919e+00 8.112249999999999669e-03
2.070000000000000000e+02 1.930953725499999996e+00 8.108529999999999210e-03
2.080000000000000000e+02 1.938375799599999949e+00 8.104770000000000724e-03
2.090000000000000000e+02 1.945797425599999908e+00 8.100960000000000799e-03
2.100000000000000000e+02 1.953218582999999953e+00 8.097069999999999615e-03
2.110000000000000000e+02 1.960639281399999989e+00 8.093140000000000403e-03
2.120000000000000000e+02 1.968059520399999984e+00 8.089159999999999753e-03
2.130000000000000000e+02 1.975479309600000066e+00 8.085089999999999638e-03
2.140000000000000000e+02 1.982898628500000093e+00 8.080979999999999761e-03
2.150000000000000000e+02 1.990317486899999988e+00 8.076820000000000180e-03
2.160000000000000000e+02 1.997735884099999915e+00 8.072579999999999339e-03
2.170000000000000000e+02 2.005153819999999865e+00 8.068290000000000531e-03
2.180000000000000000e+02 2.012571303900000164e+00 8.063930000000000403e-03
2.190000000000000000e+02 2.019988315500000020e+00 8.059530000000000513e-03
2.200000000000000000e+02 2.027404824500000036e+00 8.054999999999999660e-03
2.210000000000000000e+02 2.034820780300000020e+00 8.050359999999999461e-03
2.220000000000000000e+02 2.042236192599999889e+00 8.045669999999999558e-03
2.230000000000000000e+02 2.049651030999999790e+00 8.040890000000000190e-03
2.240000000000000000e+02 2.057065324999999945e+00 8.036059999999999384e-03
2.250000000000000000e+02 2.064479064199999936e+00 8.031150000000000788e-03
2.260000000000000000e+02 2.071892238199999792e+00 8.026200000000000695e-03
2.270000000000000000e+02 2.079304856699999871e+00 8.021169999999999342e-03
2.280000000000000000e+02 2.086716929100000062e+00 8.016070000000000140e-03
2.290000000000000000e+02 2.094128425100000079e+00 8.010909999999999559e-03
2.300000000000000000e+02 2.101539374300000151e+00 8.005689999999999334e-03
2.310000000000000000e+02 2.108949766199999853e+00 8.000389999999999585e-03
2.320000000000000000e+02 2.116359590500000110e+00 7.995020000000000251e-03
2.330000000000000000e+02 2.123768866599999861e+00 7.989599999999999480e-03
2.340000000000000000e+02 2.131177574300000099e+00 7.984089999999999243e-03
2.350000000000000000e+02 2.138585723099999836e+00 7.978519999999999363e-03
2.360000000000000000e+02 2.145993312599999925e+00 7.972879999999999898e-03
2.370000000000000000e+02 2.153400342299999881e+00 7.967170000000000848e-03
2.380000000000000000e+02 2.160806811900000124e+00 7.961380000000000540e-03
2.390000000000000000e+02 2.168212720900000168e+00 7.955520000000000647e-03
2.400000000000000000e+02 2.175618058900000040e+00 7.949599999999999375e-03
2.410000000000000000e+02 2.183022845600000039e+00 7.943590000000000373e-03
2.420000000000000000e+02 2.190427060399999792e+00 7.937529999999999933e-03
2.430000000000000000e+02 2.197830713100000111e+00 7.931370000000000087e-03
2.440000000000000000e+02 2.205233803100000056e+00 7.925150000000000597e-03
2.450000000000000000e+02 2.212636330100000048e+00 7.918859999999999788e-03
2.460000000000000000e+02 2.220038293600000046e+00 7.912489999999999454e-03
2.470000000000000000e+02 2.227439693200000015e+00 7.906039999999999596e-03
2.480000000000000000e+02 2.234840528599999931e+00 7.899520000000000153e-03
2.490000000000000000e+02 2.242240799300000198e+00 7.892909999999999510e-03
2.500000000000000000e+02 2.249640504899999893e+00 7.886239999999999223e-03
2.510000000000000000e+02 2.257039634899999925e+00 7.879479999999999471e-03
2.520000000000000000e+02 2.264438209000000590e+00 7.872660000000000075e-03
2.530000000000000000e+02 2.271836166799999557e+00 7.865689999999999835e-03
2.540000000000000000e+02 2.279233497799999952e+00 7.858640000000000070e-03
2.550000000000000000e+02 2.286630201599999967e+00 7.851500000000000840e-03
2.560000000000000000e+02 2.294026267900000082e+00 7.844290000000000290e-03
2.570000000000000000e+02 2.301421716100000125e+00 7.836990000000000275e-03
2.580000000000000000e+02 2.308816525900000194e+00 7.829610000000000736e-03
2.590000000000000000e+02 2.316210706900000194e+00 7.822169999999999818e-03
2.600000000000000000e+02 2.323604258700000091e+00 7.814609999999999612e-03
2.610000000000000000e+02 2.330997180799999846e+00 7.806999999999999704e-03
2.620000000000000000e+02 2.338389472799999869e+00 7.799290000000000389e-03
2.630000000000000000e+02 2.345781134300000126e+00 7.791499999999999815e-03
2.640000000000000000e+02 2.353172155000000210e+00 7.783629999999999716e-03
2.650000000000000000e+02 2.360562554299999949e+00 7.775670000000000151e-03
2.660000000000000000e+02 2.367952311899999884e+00 7.767630000000000194e-03
2.670000000000000000e+02 2.375341437399999922e+00 7.759499999999999904e-03
2.680000000000000000e+02 2.382729930300000021e+00 7.751290000000000090e-03
2.690000000000000000e+02 2.390117790300000156e+00 7.742989999999999942e-03
2.700000000000000000e+02 2.397505016799999833e+00 7.734600000000000329e-03
2.710000000000000000e+02 2.404891609599999924e+00 7.726120000000000383e-03
2.720000000000000000e+02 2.412277568199999944e+00 7.717569999999999986e-03
2.730000000000000000e+02 2.419662892199999860e+00 7.708920000000000182e-03
2.740000000000000000e+02 2.427047581100000073e+00 7.700170000000000105e-03
2.750000000000000000e+02 2.434431624600000177e+00 7.691339999999999635e-03
2.760000000000000000e+02 2.441815042300000016e+00 7.682439999999999582e-03
2.770000000000000000e+02 2.449197813600000107e+00 7.673420000000000241e-03
2.780000000000000000e+02 2.456579958299999866e+00 7.664319999999999640e-03
2.790000000000000000e+02 2.463961455899999820e+00 7.655129999999999574e-03
2.800000000000000000e+02 2.471342325899999803e+00 7.645850000000000042e-03
2.810000000000000000e+02 2.478722548099999923e+00 7.636490000000000118e-03
2.820000000000000000e+02 2.486102131900000067e+00 7.627010000000000040e-03
2.830000000000000000e+02 2.493481086900000143e+00 7.617449999999999569e-03
