0.000000000000000000e+00 3.505548292999999815e-01 3.331739599999999999e-03
1.000000000000000000e+00 3.533850858999999511e-01 3.331739599999999999e-03
2.000000000000000000e+00 3.562153988999999799e-01 3.331739599999999999e-03
3.000000000000000000e+00 3.590457679999999874e-01 3.331739599999999999e-03
4.000000000000000000e+00 3.618761933999999902e-01 3.339440899999999816e-03
5.000000000000000000e+00 3.647066750999999885e-01 3.475607800000000188e-03
6.000000000000000000e+00 3.675372129000000210e-01 3.408469300000000011e-03
7.000000000000000000e+00 3.703678071000000016e-01 3.394315199999999814e-03
8.000000000000000000e+00 3.731984574000000165e-01 3.411694399999999974e-03
9.000000000000000000e+00 3.760291640000000268e-01 3.387487900000000097e-03
1.000000000000000000e+01 3.788599269000000325e-01 3.405901299999999909e-03
1.100000000000000000e+01 3.816907459000000169e-01 3.406451999999999918e-03
1.200000000000000000e+01 3.845216213000000050e-01 3.390520199999999800e-03
1.300000000000000000e+01 3.873525528000000273e-01 3.392637999999999904e-03
1.400000000000000000e+01 3.901835405999999895e-01 3.425832100000000217e-03
1.500000000000000000e+01 3.930145847000000026e-01 3.431846000000000115e-03
1.600000000000000000e+01 3.958456848999999944e-01 3.432579800000000111e-03
1.700000000000000000e+01 3.986768414999999899e-01 3.475751200000000082e-03
1.800000000000000000e+01 4.015080542000000197e-01 3.428121499999999856e-03
1.900000000000000000e+01 4.043393231999999893e-01 3.483026599999999948e-03
2.000000000000000000e+01 4.071706485000000098e-01 3.492672499999999788e-03
2.100000000000000000e+01 4.100020299000000090e-01 3.468372899999999821e-03
2.200000000000000000e+01 4.128334677000000119e-01 3.482620300000000176e-03
2.300000000000000000e+01 4.156649615999999936e-01 3.503752399999999871e-03
2.400000000000000000e+01 4.184965118000000261e-01 3.488270400000000049e-03
2.500000000000000000e+01 4.213281182999999985e-01 3.492138100000000134e-03
2.600000000000000000e+01 4.241597809000000052e-01 3.490505100000000117e-03
2.700000000000000000e+01 4.269914999000000155e-01 3.506329800000000142e-03
2.800000000000000000e+01 4.298232750000000046e-01 3.504437500000000174e-03
2.900000000000000000e+01 4.326551063999999891e-01 3.465476700000000125e-03
3.000000000000000000e+01 4.354869941000000244e-01 3.479054999999999995e-03
3.100000000000000000e+01 4.383189378999999830e-01 3.498199500000000184e-03
3.200000000000000000e+01 4.411509381000000007e-01 3.459212499999999874e-03
3.300000000000000000e+01 4.439829943999999973e-01 3.485879199999999956e-03
3.400000000000000000e+01 4.468151069999999891e-01 3.511109100000000139e-03
3.500000000000000000e+01 4.496472758999999764e-01 3.483242000000000109e-03
3.600000000000000000e+01 4.524795008999999979e-01 3.526708700000000165e-03
3.700000000000000000e+01 4.553117823000000230e-01 3.549839500000000116e-03
3.800000000000000000e+01 4.581441197999999715e-01 3.546134800000000104e-03
3.900000000000000000e+01 4.609765136000000263e-01 3.618984999999999910e-03
4.000000000000000000e+01 4.638089637000000764e-01 3.597398500000000086e-03
4.100000000000000000e+01 4.666414698999999944e-01 3.589183599999999901e-03
4.200000000000000000e+01 4.694740325000000269e-01 3.590914499999999909e-03
4.300000000000000000e+01 4.723066511999999828e-01 3.587075900000000206e-03
4.400000000000000000e+01 4.751393261999999895e-01 3.613769299999999851e-03
4.500000000000000000e+01 4.779720574999999916e-01 3.593619599999999924e-03
4.600000000000000000e+01 4.808048448999999724e-01 3.602065399999999917e-03
4.700000000000000000e+01 4.836376887000000124e-01 3.606095299999999802e-03
4.800000000000000000e+01 4.864705885999999757e-01 3.559094499999999796e-03
4.900000000000000000e+01 4.893035447999999898e-01 3.566689200000000125e-03
5.000000000000000000e+01 4.921365572999999993e-01 3.583363500000000170e-03
5.100000000000000000e+01 4.949696258999999876e-01 3.573194500000000193e-03
5.200000000000000000e+01 4.978027508999999795e-01 3.588398199999999656e-03
5.300000000000000000e+01 5.006359320000000057e-01 3.515292599999999927e-03
5.400000000000000000e+01 5.034691693999999718e-01 3.588689899999999815e-03
5.500000000000000000e+01 5.063024631000000442e-01 3.616385100000000206e-03
5.600000000000000000e+01 5.091358128999999844e-01 3.636790200000000056e-03
5.700000000000000000e+01 5.119692191000000392e-01 3.644048799999999831e-03
5.800000000000000000e+01 5.148026813999999618e-01 3.683295799999999898e-03
5.900000000000000000e+01 5.176361999999999908e-01 3.659825600000000002e-03
6.000000000000000000e+01 5.204697749000000151e-01 3.621214599999999974e-03
6.100000000000000000e+01 5.233034059000000182e-01 3.642313700000000126e-03
6.200000000000000000e+01 5.261370933000000250e-01 3.654623200000000141e-03
6.300000000000000000e+01 5.289708368000000105e-01 3.632464399999999882e-03
6.400000000000000000e+01 5.318046365999999914e-01 3.606797699999999933e-03
6.500000000000000000e+01 5.346384926999999676e-01 3.517464799999999933e-03
6.600000000000000000e+01 5.374724049000000337e-01 3.646874500000000206e-03
6.700000000000000000e+01 5.403063734999999923e-01 3.476459700000000125e-03
6.800000000000000000e+01 5.431403982000000408e-01 3.563786099999999811e-03
6.900000000000000000e+01 5.459744791999999736e-01 3.578938600000000029e-03
7.000000000000000000e+01 5.488086165000000127e-01 3.600688999999999799e-03
7.100000000000000000e+01 5.516428098999999197e-01 3.769464399999999851e-03
7.200000000000000000e+01 5.544770597000000523e-01 3.603792199999999828e-03
7.300000000000000000e+01 5.573113656000000526e-01 3.612680899999999931e-03
7.400000000000000000e+01 5.601457278000000484e-01 3.584307399999999821e-03
7.500000000000000000e+01 5.629801463000000394e-01 3.658513500000000127e-03
7.600000000000000000e+01 5.658146209000000093e-01 3.631813499999999965e-03
7.700000000000000000e+01 5.686491518999999828e-01 3.640618899999999852e-03
7.800000000000000000e+01 5.714837390000000461e-01 3.668579600000000142e-03
7.900000000000000000e+01 5.743183823999999937e-01 3.624390900000000210e-03
8.000000000000000000e+01 5.771530821000000477e-01 3.655658500000000168e-03
8.100000000000000000e+01 5.799878378999999695e-01 3.632717900000000024e-03
8.200000000000000000e+01 5.828226501000000059e-01 3.620718700000000005e-03
8.300000000000000000e+01 5.856575184000000212e-01 3.612733800000000189e-03
8.400000000000000000e+01 5.884924430000000317e-01 3.631591500000000156e-03
8.500000000000000000e+01 5.913274239000000376e-01 3.643423800000000073e-03
8.600000000000000000e+01 5.941624609000000223e-01 3.533759700000000271e-03
8.700000000000000000e+01 5.969975543000000107e-01 3.543310999999999943e-03
8.800000000000000000e+01 5.998327037999999778e-01 3.651368099999999922e-03
8.900000000000000000e+01 6.026679096000000513e-01 3.604543699999999788e-03
9.000000000000000000e+01 6.055031717000000091e-01 3.726668800000000094e-03
9.100000000000000000e+01 6.083384898999999457e-01 3.737976100000000093e-03
9.200000000000000000e+01 6.111738644999999970e-01 3.935695999999999813e-03
9.300000000000000000e+01 6.140092952000000270e-01 4.224450799999999659e-03
9.400000000000000000e+01 6.168447822000000524e-01 4.580541199999999674e-03
9.500000000000000000e+01 6.196803254999999622e-01 3.934660100000000015e-03
9.600000000000000000e+01 6.225159248999999617e-01 3.431184399999999586e-03
9.700000000000000000e+01 6.253515806999999649e-01 3.444593100000000168e-03
9.800000000000000000e+01 6.281872925999999469e-01 3.617210300000000146e-03
9.900000000000000000e+01 6.310230608000000352e-01 3.581920599999999927e-03
1.000000000000000000e+02 6.338588853000000078e-01 3.617391399999999885e-03
1.010000000000000000e+02 6.366947658999999593e-01 3.586395200000000102e-03
1.020000000000000000e+02 6.395307029000000254e-01 3.503814100000000094e-03
1.030000000000000000e+02 6.423666959999999593e-01 3.659778299999999918e-03
1.040000000000000000e+02 6.452027453999999995e-01 3.563874199999999930e-03
1.050000000000000000e+02 6.480388511000000351e-01 3.699491999999999971e-03
1.060000000000000000e+02 6.508750129000000495e-01 3.595683599999999897e-03
1.070000000000000000e+02 6.537112310999999565e-01 3.575664499999999836e-03
1.080000000000000000e+02 6.565475053999999533e-01 3.569325800000000201e-03
1.090000000000000000e+02 6.593838359999999454e-01 3.602793999999999875e-03
1.100000000000000000e+02 6.622202229000000440e-01 3.570570700000000146e-03
1.110000000000000000e+02 6.650566659000000103e-01 3.558210699999999824e-03
1.120000000000000000e+02 6.678931652999999802e-01 3.629804400000000066e-03
1.130000000000000000e+02 6.707297208000000399e-01 3.601543400000000155e-03
1.140000000000000000e+02 6.735663325999999840e-01 3.640019699999999785e-03
1.150000000000000000e+02 6.764030007000000344e-01 3.615175500000000156e-03
1.160000000000000000e+02 6.792397248999999526e-01 3.609585900000000097e-03
1.170000000000000000e+02 6.820765054999999855e-01 3.598555900000000116e-03
1.180000000000000000e+02 6.849133421999999971e-01 3.618733199999999914e-03
1.190000000000000000e+02 6.877502352000000041e-01 3.610193399999999959e-03
1.200000000000000000e+02 6.905871845000000064e-01 3.592421299999999824e-03
1.210000000000000000e+02 6.934241898999999876e-01 3.601397000000000105e-03
1.220000000000000000e+02 6.962612516999999723e-01 3.578274800000000051e-03
1.230000000000000000e+02 6.990983696000000469e-01 3.616937199999999825e-03
1.240000000000000000e+02 7.019355438000000058e-01 3.538924900000000023e-03
1.250000000000000000e+02 7.047727742999999601e-01 3.582963900000000080e-03
1.260000000000000000e+02 7.076100609000000041e-01 3.560136000000000203e-03
1.270000000000000000e+02 7.104474039000000518e-01 3.523166800000000157e-03
1.280000000000000000e+02 7.132848029999999673e-01 3.554107099999999960e-03
1.290000000000000000e+02 7.161222583999999891e-01 3.549202200000000067e-03
1.300000000000000000e+02 7.189597701000000063e-01 3.521977700000000159e-03
1.310000000000000000e+02 7.217973379000000023e-01 3.558106499999999853e-03
1.320000000000000000e+02 7.246349621000000019e-01 3.562716699999999865e-03
1.330000000000000000e+02 7.274726423999999803e-01 3.593578699999999855e-03
1.340000000000000000e+02 7.303103789999998430e-01 3.586069900000000196e-03
1.350000000000000000e+02 7.331481719000000341e-01 3.585922300000000170e-03
1.360000000000000000e+02 7.359860208999999820e-01 3.583264200000000135e-03
1.370000000000000000e+02 7.388239263000000445e-01 3.591473400000000111e-03
1.380000000000000000e+02 7.416618877999999748e-01 3.579225399999999817e-03
1.390000000000000000e+02 7.444999056000000115e-01 3.562869699999999997e-03
1.400000000000000000e+02 7.473379797000000435e-01 3.562720000000000123e-03
1.410000000000000000e+02 7.501761099000000543e-01 3.542122400000000115e-03
1.420000000000000000e+02 7.530142964999999577e-01 3.511035899999999897e-03
1.430000000000000000e+02 7.558525391999999510e-01 3.512440899999999793e-03
1.440000000000000000e+02 7.586908382000000506e-01 3.515127099999999869e-03
1.450000000000000000e+02 7.615291935000000345e-01 3.479941099999999884e-03
1.460000000000000000e+02 7.643676048999999972e-01 3.484562499999999813e-03
1.470000000000000000e+02 7.672060726999999636e-01 3.500555900000000119e-03
1.480000000000000000e+02 7.700445966000000197e-01 3.494659399999999923e-03
1.490000000000000000e+02 7.728831767999999602e-01 3.503944000000000156e-03
1.500000000000000000e+02 7.757218133000000071e-01 3.495848000000000184e-03
1.510000000000000000e+02 7.785605059000000328e-01 3.534428000000000049e-03
1.520000000000000000e+02 7.813992548999999510e-01 3.522301700000000056e-03
1.530000000000000000e+02 7.842380599999999591e-01 3.509142399999999953e-03
1.540000000000000000e+02 7.870769213999999625e-01 3.497856000000000142e-03
1.550000000000000000e+02 7.899158390999999613e-01 3.531893199999999993e-03
1.560000000000000000e+02 7.927548129000000499e-01 3.518814500000000053e-03
1.570000000000000000e+02 7.955938431000000310e-01 3.491123999999999963e-03
1.580000000000000000e+02 7.984329293999999910e-01 3.485211800000000051e-03
1.590000000000000000e+02 8.012720719999999464e-01 3.485702199999999879e-03
1.600000000000000000e+02 8.041112709000000081e-01 3.447001199999999953e-03
1.610000000000000000e+02 8.069505259000000486e-01 3.464371200000000012e-03
1.620000000000000000e+02 8.097898372999999816e-01 3.443880299999999960e-03
1.630000000000000000e+02 8.126292048000000046e-01 3.412190500000000012e-03
1.640000000000000000e+02 8.154686286000000228e-01 3.448179300000000103e-03
1.650000000000000000e+02 8.183081087000000364e-01 3.443158699999999788e-03
1.660000000000000000e+02 8.211476449000000288e-01 3.438216300000000118e-03
1.670000000000000000e+02 8.239872375000000249e-01 3.456160900000000095e-03
1.680000000000000000e+02 8.268268861999999997e-01 3.462346600000000031e-03
1.690000000000000000e+02 8.296665911999999699e-01 3.475001200000000200e-03
1.700000000000000000e+02 8.325063525000000464e-01 3.436368500000000145e-03
1.710000000000000000e+02 8.353461698999999907e-01 3.454515799999999855e-03
1.720000000000000000e+02 8.381860437000000497e-01 3.477649499999999928e-03
1.730000000000000000e+02 8.410259735999999764e-01 3.462180000000000032e-03
1.740000000000000000e+02 8.438659598000000095e-01 3.426743700000000128e-03
1.750000000000000000e+02 8.467060023000000379e-01 3.408309400000000128e-03
1.760000000000000000e+02 8.495461009000000452e-01 3.440212099999999818e-03
1.770000000000000000e+02 8.523862558999999450e-01 3.404792199999999869e-03
1.780000000000000000e+02 8.552264670000000457e-01 3.397242100000000004e-03
1.790000000000000000e+02 8.580667344000001417e-01 3.409661999999999936e-03
1.800000000000000000e+02 8.609070581000000111e-01 3.410153600000000174e-03
1.810000000000000000e+02 8.637474378999999702e-01 3.418121699999999898e-03
1.820000000000000000e+02 8.665878741000000440e-01 3.432401600000000060e-03
1.830000000000000000e+02 8.694283663999999856e-01 3.419253499999999873e-03
1.840000000000000000e+02 8.722689150000000335e-01 3.436531000000000047e-03
1.850000000000000000e+02 8.751095198999999658e-01 3.416289700000000110e-03
1.860000000000000000e+02 8.779501808999999879e-01 3.437706500000000179e-03
1.870000000000000000e+02 8.807908983000000136e-01 3.463318400000000089e-03
1.880000000000000000e+02 8.836316718000000181e-01 3.436424400000000125e-03
1.890000000000000000e+02 8.864725016000000180e-01 3.445043499999999800e-03
1.900000000000000000e+02 8.893133877000000131e-01 3.423798300000000135e-03
1.910000000000000000e+02 8.921543298999999871e-01 3.402194700000000117e-03
1.920000000000000000e+02 8.949953284999999648e-01 3.410800199999999924e-03
1.930000000000000000e+02 8.978363832000000322e-01 3.407964299999999974e-03
1.940000000000000000e+02 9.006774941999999839e-01 3.368579699999999823e-03
1.950000000000000000e+02 9.035186615000000421e-01 3.339763099999999967e-03
1.960000000000000000e+02 9.063598848999999680e-01 3.359317899999999992e-03
1.970000000000000000e+02 9.092011647000000085e-01 3.340353700000000137e-03
1.980000000000000000e+02 9.120425006000000279e-01 3.351306699999999882e-03
1.990000000000000000e+02 9.148838928000000426e-01 3.371359500000000158e-03
2.000000000000000000e+02 9.177253413000000526e-01 3.318276700000000017e-03
2.010000000000000000e+02 9.205668459000000414e-01 3.358340000000000023e-03
2.020000000000000000e+02 9.234084069000000339e-01 3.334166900000000260e-03
2.030000000000000000e+02 9.262500240000000051e-01 3.376650399999999840e-03
2.040000000000000000e+02 9.290916973999999717e-01 3.359658100000000210e-03
2.050000000000000000e+02 9.319334271000000447e-01 3.358182500000000091e-03
2.060000000000000000e+02 9.347752129000000965e-01 3.352094700000000146e-03
2.070000000000000000e+02 9.376170551000000408e-01 3.348664400000000031e-03
2.080000000000000000e+02 9.404589533999999640e-01 3.351133400000000200e-03
2.090000000000000000e+02 9.433009080000001045e-01 3.324733099999999889e-03
2.100000000000000000e+02 9.461429189000000184e-01 3.333742199999999850e-03
2.110000000000000000e+02 9.489849859000000221e-01 3.307975800000000164e-03
2.120000000000000000e+02 9.518271093000000294e-01 3.311170400000000135e-03
2.130000000000000000e+02 9.546692888000000154e-01 3.312665499999999964e-03
2.140000000000000000e+02 9.575115245999999969e-01 3.278001200000000073e-03
2.150000000000000000e+02 9.603538166999999737e-01 3.288415600000000032e-03
2.160000000000000000e+02 9.631961649000000403e-01 3.285842599999999961e-03
2.170000000000000000e+02 9.660385694999999995e-01 3.287604700000000199e-03
2.180000000000000000e+02 9.688810302000000485e-01 3.286637399999999942e-03
2.190000000000000000e+02 9.717235471999999818e-01 3.294711599999999851e-03
2.200000000000000000e+02 9.745661205000000216e-01 3.310449599999999801e-03
2.210000000000000000e+02 9.774087499000000401e-01 3.307270900000000048e-03
2.220000000000000000e+02 9.802514356999999512e-01 3.305827400000000034e-03
2.230000000000000000e+02 9.830941775999999521e-01 3.330163399999999836e-03
2.240000000000000000e+02 9.859369757999999484e-01 3.304164200000000128e-03
2.250000000000000000e+02 9.887798303000000510e-01 3.302513899999999850e-03
2.260000000000000000e+02 9.916227409000000215e-01 3.304481199999999806e-03
2.270000000000000000e+02 9.944657078999999955e-01 3.300210599999999807e-03
2.280000000000000000e+02 9.973087309999999484e-01 3.286991999999999865e-03
2.290000000000000000e+02 1.000151810400000008e+00 3.288361300000000164e-03
2.300000000000000000e+02 1.002994946100000062e+00 3.300518699999999920e-03
2.310000000000000000e+02 1.005838137900000095e+00 3.296941600000000052e-03
2.320000000000000000e+02 1.008681386099999910e+00 3.321457199999999950e-03
2.330000000000000000e+02 1.011524690399999926e+00 3.284444000000000079e-03
2.340000000000000000e+02 1.014368050999999937e+00 3.322322999999999856e-03
2.350000000000000000e+02 1.017211467899999944e+00 3.326240099999999873e-03
2.360000000000000000e+02 1.020054940899999929e+00 3.367714300000000487e-03
2.370000000000000000e+02 1.022898470299999918e+00 3.339780300000000195e-03
2.380000000000000000e+02 1.025742055800000108e+00 3.321982600000000004e-03
2.390000000000000000e+02 1.028585697600000071e+00 3.346591099999999923e-03
2.400000000000000000e+02 1.031429395700000029e+00 3.326164099999999978e-03
2.410000000000000000e+02 1.034273149899999966e+00 3.324214299999999917e-03
2.420000000000000000e+02 1.037116960499999907e+00 3.333359299999999817e-03
2.430000000000000000e+02 1.039960827200000049e+00 3.327059199999999901e-03
2.440000000000000000e+02 1.042804750199999964e+00 3.313952900000000524e-03
2.450000000000000000e+02 1.045648729500000096e+00 3.326077900000000073e-03
